timestamp,open,high,low,close,volume,close_time,quote_volume,trades,taker_buy_base,taker_buy_quote,ignore
2025-05-09 05:00:00,0.36000000,0.36000000,0.36000000,0.36000000,0.00000000,1746766859999,0.00000000,0,0.00000000,0.00000000,0
2025-05-09 05:01:00,0.36000000,0.36000000,0.36000000,0.36000000,0.00000000,1746766919999,0.00000000,0,0.00000000,0.00000000,0
2025-05-09 05:02:00,0.36000000,0.36000000,0.36000000,0.36000000,0.00000000,1746766979999,0.00000000,0,0.00000000,0.00000000,0
2025-05-09 05:03:00,0.36000000,0.36000000,0.36000000,0.36000000,0.00000000,1746767039999,0.00000000,0,0.00000000,0.00000000,0
2025-05-09 05:04:00,0.36000000,0.36000000,0.36000000,0.36000000,0.00000000,1746767099999,0.00000000,0,0.00000000,0.00000000,0
2025-05-09 05:05:00,0.36000000,0.36000000,0.36000000,0.36000000,0.00000000,1746767159999,0.00000000,0,0.00000000,0.00000000,0
2025-05-09 05:06:00,0.36000000,0.36000000,0.36000000,0.36000000,0.00000000,1746767219999,0.00000000,0,0.00000000,0.00000000,0
2025-05-09 05:07:00,0.36000000,0.36000000,0.36000000,0.36000000,0.00000000,1746767279999,0.00000000,0,0.00000000,0.00000000,0
2025-05-09 05:08:00,0.36000000,0.36000000,0.36000000,0.36000000,0.00000000,1746767339999,0.00000000,0,0.00000000,0.00000000,0
2025-05-09 05:09:00,0.36000000,0.36000000,0.36000000,0.36000000,0.00000000,1746767399999,0.00000000,0,0.00000000,0.00000000,0
2025-05-09 05:10:00,0.36000000,0.36000000,0.36000000,0.36000000,0.00000000,1746767459999,0.00000000,0,0.00000000,0.00000000,0
2025-05-09 05:11:00,0.36000000,0.36000000,0.36000000,0.36000000,0.00000000,1746767519999,0.00000000,0,0.00000000,0.00000000,0
2025-05-09 05:12:00,0.36000000,0.36000000,0.36000000,0.36000000,0.00000000,1746767579999,0.00000000,0,0.00000000,0.00000000,0
2025-05-09 05:13:00,0.36000000,0.36000000,0.36000000,0.36000000,0.00000000,1746767639999,0.00000000,0,0.00000000,0.00000000,0
2025-05-09 05:14:00,0.36000000,0.36000000,0.36000000,0.36000000,0.00000000,1746767699999,0.00000000,0,0.00000000,0.00000000,0
2025-05-09 05:15:00,0.36000000,0.36000000,0.36000000,0.36000000,0.00000000,1746767759999,0.00000000,0,0.00000000,0.00000000,0
2025-05-09 05:16:00,0.36000000,0.36000000,0.36000000,0.36000000,0.00000000,1746767819999,0.00000000,0,0.00000000,0.00000000,0
2025-05-09 05:17:00,0.36000000,0.36000000,0.36000000,0.36000000,0.00000000,1746767879999,0.00000000,0,0.00000000,0.00000000,0
2025-05-09 05:18:00,0.36000000,0.36000000,0.36000000,0.36000000,0.00000000,1746767939999,0.00000000,0,0.00000000,0.00000000,0
2025-05-09 05:19:00,0.36000000,0.36000000,0.36000000,0.36000000,0.00000000,1746767999999,0.00000000,0,0.00000000,0.00000000,0
2025-05-09 05:20:00,0.36000000,0.36000000,0.36000000,0.36000000,0.00000000,1746768059999,0.00000000,0,0.00000000,0.00000000,0
2025-05-09 05:21:00,0.36000000,0.36000000,0.36000000,0.36000000,0.00000000,1746768119999,0.00000000,0,0.00000000,0.00000000,0
2025-05-09 05:22:00,0.36000000,0.36000000,0.36000000,0.36000000,0.00000000,1746768179999,0.00000000,0,0.00000000,0.00000000,0
2025-05-09 05:23:00,0.36000000,0.36000000,0.36000000,0.36000000,0.00000000,1746768239999,0.00000000,0,0.00000000,0.00000000,0
2025-05-09 05:24:00,0.36000000,0.36000000,0.36000000,0.36000000,0.00000000,1746768299999,0.00000000,0,0.00000000,0.00000000,0
2025-05-09 05:25:00,0.36000000,0.36000000,0.36000000,0.36000000,0.00000000,1746768359999,0.00000000,0,0.00000000,0.00000000,0
2025-05-09 05:26:00,0.36000000,0.36000000,0.36000000,0.36000000,0.00000000,1746768419999,0.00000000,0,0.00000000,0.00000000,0
2025-05-09 05:27:00,0.36000000,0.36000000,0.36000000,0.36000000,0.00000000,1746768479999,0.00000000,0,0.00000000,0.00000000,0
2025-05-09 05:28:00,0.36000000,0.36000000,0.36000000,0.36000000,0.00000000,1746768539999,0.00000000,0,0.00000000,0.00000000,0
2025-05-09 05:29:00,0.36000000,0.36000000,0.36000000,0.36000000,0.00000000,1746768599999,0.00000000,0,0.00000000,0.00000000,0
2025-05-09 05:30:00,0.36000000,0.36000000,0.36000000,0.36000000,0.00000000,1746768659999,0.00000000,0,0.00000000,0.00000000,0
2025-05-09 05:31:00,0.36000000,0.36000000,0.36000000,0.36000000,0.00000000,1746768719999,0.00000000,0,0.00000000,0.00000000,0
2025-05-09 05:32:00,0.36000000,0.36000000,0.36000000,0.36000000,0.00000000,1746768779999,0.00000000,0,0.00000000,0.00000000,0
2025-05-09 05:33:00,0.36000000,0.36000000,0.36000000,0.36000000,0.00000000,1746768839999,0.00000000,0,0.00000000,0.00000000,0
2025-05-09 05:34:00,0.36000000,0.36000000,0.36000000,0.36000000,0.00000000,1746768899999,0.00000000,0,0.00000000,0.00000000,0
2025-05-09 05:35:00,0.36000000,0.36000000,0.36000000,0.36000000,0.00000000,1746768959999,0.00000000,0,0.00000000,0.00000000,0
2025-05-09 05:36:00,0.36000000,0.36000000,0.36000000,0.36000000,0.00000000,1746769019999,0.00000000,0,0.00000000,0.00000000,0
2025-05-09 05:37:00,0.36000000,0.36000000,0.36000000,0.36000000,0.00000000,1746769079999,0.00000000,0,0.00000000,0.00000000,0
2025-05-09 05:38:00,0.36000000,0.36000000,0.36000000,0.36000000,0.00000000,1746769139999,0.00000000,0,0.00000000,0.00000000,0
2025-05-09 05:39:00,0.36000000,0.36000000,0.36000000,0.36000000,0.00000000,1746769199999,0.00000000,0,0.00000000,0.00000000,0
2025-05-09 05:40:00,0.36000000,0.36000000,0.36000000,0.36000000,0.00000000,1746769259999,0.00000000,0,0.00000000,0.00000000,0
2025-05-09 05:41:00,0.36000000,0.36000000,0.36000000,0.36000000,0.00000000,1746769319999,0.00000000,0,0.00000000,0.00000000,0
2025-05-09 05:42:00,0.36000000,0.36000000,0.36000000,0.36000000,0.00000000,1746769379999,0.00000000,0,0.00000000,0.00000000,0
2025-05-09 05:43:00,0.36000000,0.36000000,0.36000000,0.36000000,0.00000000,1746769439999,0.00000000,0,0.00000000,0.00000000,0
2025-05-09 05:44:00,0.36000000,0.36000000,0.36000000,0.36000000,0.00000000,1746769499999,0.00000000,0,0.00000000,0.00000000,0
2025-05-09 05:45:00,0.36000000,0.36000000,0.36000000,0.36000000,0.00000000,1746769559999,0.00000000,0,0.00000000,0.00000000,0
2025-05-09 05:46:00,0.36000000,0.36000000,0.36000000,0.36000000,0.00000000,1746769619999,0.00000000,0,0.00000000,0.00000000,0
2025-05-09 05:47:00,0.36000000,0.36000000,0.36000000,0.36000000,0.00000000,1746769679999,0.00000000,0,0.00000000,0.00000000,0
2025-05-09 05:48:00,0.36000000,0.36000000,0.36000000,0.36000000,0.00000000,1746769739999,0.00000000,0,0.00000000,0.00000000,0
2025-05-09 05:49:00,0.36000000,0.36000000,0.36000000,0.36000000,0.00000000,1746769799999,0.00000000,0,0.00000000,0.00000000,0
2025-05-09 05:50:00,0.36000000,0.36000000,0.36000000,0.36000000,0.00000000,1746769859999,0.00000000,0,0.00000000,0.00000000,0
2025-05-09 05:51:00,0.36000000,0.36000000,0.36000000,0.36000000,0.00000000,1746769919999,0.00000000,0,0.00000000,0.00000000,0
2025-05-09 05:52:00,0.36000000,0.36000000,0.36000000,0.36000000,0.00000000,1746769979999,0.00000000,0,0.00000000,0.00000000,0
2025-05-09 05:53:00,0.36000000,0.36000000,0.36000000,0.36000000,0.00000000,1746770039999,0.00000000,0,0.00000000,0.00000000,0
2025-05-09 05:54:00,0.36000000,0.36000000,0.36000000,0.36000000,0.00000000,1746770099999,0.00000000,0,0.00000000,0.00000000,0
2025-05-09 05:55:00,0.36000000,0.36000000,0.36000000,0.36000000,0.00000000,1746770159999,0.00000000,0,0.00000000,0.00000000,0
2025-05-09 05:56:00,0.36000000,0.36000000,0.36000000,0.36000000,0.00000000,1746770219999,0.00000000,0,0.00000000,0.00000000,0
2025-05-09 05:57:00,0.36000000,0.36000000,0.36000000,0.36000000,0.00000000,1746770279999,0.00000000,0,0.00000000,0.00000000,0
2025-05-09 05:58:00,0.36000000,0.36000000,0.36000000,0.36000000,0.00000000,1746770339999,0.00000000,0,0.00000000,0.00000000,0
2025-05-09 05:59:00,0.36000000,0.36000000,0.36000000,0.36000000,0.00000000,1746770399999,0.00000000,0,0.00000000,0.00000000,0
2025-05-09 06:00:00,0.36000000,0.36000000,0.36000000,0.36000000,0.00000000,1746770459999,0.00000000,0,0.00000000,0.00000000,0
2025-05-09 06:01:00,0.36000000,0.36000000,0.36000000,0.36000000,0.00000000,1746770519999,0.00000000,0,0.00000000,0.00000000,0
2025-05-09 06:02:00,0.36000000,0.36000000,0.36000000,0.36000000,0.00000000,1746770579999,0.00000000,0,0.00000000,0.00000000,0
2025-05-09 06:03:00,0.36000000,0.36000000,0.36000000,0.36000000,0.00000000,1746770639999,0.00000000,0,0.00000000,0.00000000,0
2025-05-09 06:04:00,0.36000000,0.36000000,0.36000000,0.36000000,0.00000000,1746770699999,0.00000000,0,0.00000000,0.00000000,0
2025-05-09 06:05:00,0.36000000,0.36000000,0.36000000,0.36000000,0.00000000,1746770759999,0.00000000,0,0.00000000,0.00000000,0
2025-05-09 06:06:00,0.36000000,0.36000000,0.36000000,0.36000000,0.00000000,1746770819999,0.00000000,0,0.00000000,0.00000000,0
2025-05-09 06:07:00,0.36000000,0.36000000,0.36000000,0.36000000,0.00000000,1746770879999,0.00000000,0,0.00000000,0.00000000,0
2025-05-09 06:08:00,0.36000000,0.36000000,0.36000000,0.36000000,0.00000000,1746770939999,0.00000000,0,0.00000000,0.00000000,0
2025-05-09 06:09:00,0.36000000,0.36000000,0.36000000,0.36000000,0.00000000,1746770999999,0.00000000,0,0.00000000,0.00000000,0
2025-05-09 06:10:00,0.36000000,0.36000000,0.36000000,0.36000000,0.00000000,1746771059999,0.00000000,0,0.00000000,0.00000000,0
2025-05-09 06:11:00,0.36000000,0.36000000,0.36000000,0.36000000,0.00000000,1746771119999,0.00000000,0,0.00000000,0.00000000,0
2025-05-09 06:12:00,0.36000000,0.36000000,0.36000000,0.36000000,0.00000000,1746771179999,0.00000000,0,0.00000000,0.00000000,0
2025-05-09 06:13:00,0.36000000,0.36000000,0.36000000,0.36000000,0.00000000,1746771239999,0.00000000,0,0.00000000,0.00000000,0
2025-05-09 06:14:00,0.36000000,0.36000000,0.36000000,0.36000000,0.00000000,1746771299999,0.00000000,0,0.00000000,0.00000000,0
2025-05-09 06:15:00,0.36000000,0.36000000,0.36000000,0.36000000,0.00000000,1746771359999,0.00000000,0,0.00000000,0.00000000,0
2025-05-09 06:16:00,0.36000000,0.36000000,0.36000000,0.36000000,0.00000000,1746771419999,0.00000000,0,0.00000000,0.00000000,0
2025-05-09 06:17:00,0.36000000,0.36000000,0.36000000,0.36000000,0.00000000,1746771479999,0.00000000,0,0.00000000,0.00000000,0
2025-05-09 06:18:00,0.36000000,0.36000000,0.36000000,0.36000000,0.00000000,1746771539999,0.00000000,0,0.00000000,0.00000000,0
2025-05-09 06:19:00,0.36000000,0.36000000,0.36000000,0.36000000,0.00000000,1746771599999,0.00000000,0,0.00000000,0.00000000,0
2025-05-09 06:20:00,0.36000000,0.36000000,0.36000000,0.36000000,0.00000000,1746771659999,0.00000000,0,0.00000000,0.00000000,0
2025-05-09 06:21:00,0.36000000,0.36000000,0.36000000,0.36000000,0.00000000,1746771719999,0.00000000,0,0.00000000,0.00000000,0
2025-05-09 06:22:00,0.36000000,0.36000000,0.36000000,0.36000000,0.00000000,1746771779999,0.00000000,0,0.00000000,0.00000000,0
2025-05-09 06:23:00,0.36000000,0.36000000,0.36000000,0.36000000,0.00000000,1746771839999,0.00000000,0,0.00000000,0.00000000,0
2025-05-09 06:24:00,0.36000000,0.36000000,0.36000000,0.36000000,0.00000000,1746771899999,0.00000000,0,0.00000000,0.00000000,0
2025-05-09 06:25:00,0.36000000,0.36000000,0.36000000,0.36000000,0.00000000,1746771959999,0.00000000,0,0.00000000,0.00000000,0
2025-05-09 06:26:00,0.36000000,0.36000000,0.36000000,0.36000000,0.00000000,1746772019999,0.00000000,0,0.00000000,0.00000000,0
2025-05-09 06:27:00,0.36000000,0.36000000,0.36000000,0.36000000,0.00000000,1746772079999,0.00000000,0,0.00000000,0.00000000,0
2025-05-09 06:28:00,0.36000000,0.36000000,0.36000000,0.36000000,0.00000000,1746772139999,0.00000000,0,0.00000000,0.00000000,0
2025-05-09 06:29:00,0.36000000,0.36000000,0.36000000,0.36000000,0.00000000,1746772199999,0.00000000,0,0.00000000,0.00000000,0
2025-05-09 06:30:00,0.36000000,0.36000000,0.36000000,0.36000000,0.00000000,1746772259999,0.00000000,0,0.00000000,0.00000000,0
2025-05-09 06:31:00,0.36000000,0.36000000,0.36000000,0.36000000,0.00000000,1746772319999,0.00000000,0,0.00000000,0.00000000,0
2025-05-09 06:32:00,0.36790000,0.36830000,0.36790000,0.36830000,856.40000000,1746772379999,315.40892000,2,856.40000000,315.40892000,0
2025-05-09 06:33:00,0.36830000,0.36830000,0.36830000,0.36830000,0.00000000,1746772439999,0.00000000,0,0.00000000,0.00000000,0
2025-05-09 06:34:00,0.36940000,0.36940000,0.36940000,0.36940000,9.50000000,1746772499999,3.50930000,2,9.50000000,3.50930000,0
2025-05-09 06:35:00,0.36940000,0.36940000,0.36940000,0.36940000,0.00000000,1746772559999,0.00000000,0,0.00000000,0.00000000,0
2025-05-09 06:36:00,0.36940000,0.36940000,0.36940000,0.36940000,0.00000000,1746772619999,0.00000000,0,0.00000000,0.00000000,0
2025-05-09 06:37:00,0.36940000,0.36940000,0.36940000,0.36940000,0.00000000,1746772679999,0.00000000,0,0.00000000,0.00000000,0
2025-05-09 06:38:00,0.36740000,0.36740000,0.36740000,0.36740000,272.20000000,1746772739999,100.00628000,1,272.20000000,100.00628000,0
2025-05-09 06:39:00,0.36740000,0.36740000,0.36740000,0.36740000,0.00000000,1746772799999,0.00000000,0,0.00000000,0.00000000,0
2025-05-09 06:40:00,0.36740000,0.36740000,0.36740000,0.36740000,0.00000000,1746772859999,0.00000000,0,0.00000000,0.00000000,0
2025-05-09 06:41:00,0.36740000,0.36740000,0.36740000,0.36740000,0.00000000,1746772919999,0.00000000,0,0.00000000,0.00000000,0
2025-05-09 06:42:00,0.36740000,0.36740000,0.36740000,0.36740000,0.00000000,1746772979999,0.00000000,0,0.00000000,0.00000000,0
2025-05-09 06:43:00,0.36740000,0.36740000,0.36740000,0.36740000,0.00000000,1746773039999,0.00000000,0,0.00000000,0.00000000,0
2025-05-09 06:44:00,0.36740000,0.36740000,0.36740000,0.36740000,0.00000000,1746773099999,0.00000000,0,0.00000000,0.00000000,0
2025-05-09 06:45:00,0.36740000,0.36740000,0.36740000,0.36740000,0.00000000,1746773159999,0.00000000,0,0.00000000,0.00000000,0
2025-05-09 06:46:00,0.36740000,0.36740000,0.36740000,0.36740000,0.00000000,1746773219999,0.00000000,0,0.00000000,0.00000000,0
2025-05-09 06:47:00,0.36740000,0.36740000,0.36740000,0.36740000,0.00000000,1746773279999,0.00000000,0,0.00000000,0.00000000,0
2025-05-09 06:48:00,0.36740000,0.36740000,0.36740000,0.36740000,0.00000000,1746773339999,0.00000000,0,0.00000000,0.00000000,0
2025-05-09 06:49:00,0.36740000,0.36740000,0.36740000,0.36740000,0.00000000,1746773399999,0.00000000,0,0.00000000,0.00000000,0
2025-05-09 06:50:00,0.36740000,0.36740000,0.36740000,0.36740000,0.00000000,1746773459999,0.00000000,0,0.00000000,0.00000000,0
2025-05-09 06:51:00,0.36740000,0.36740000,0.36740000,0.36740000,0.00000000,1746773519999,0.00000000,0,0.00000000,0.00000000,0
2025-05-09 06:52:00,0.36740000,0.36740000,0.36740000,0.36740000,0.00000000,1746773579999,0.00000000,0,0.00000000,0.00000000,0
2025-05-09 06:53:00,0.36740000,0.36740000,0.36740000,0.36740000,0.00000000,1746773639999,0.00000000,0,0.00000000,0.00000000,0
2025-05-09 06:54:00,0.36740000,0.36740000,0.36740000,0.36740000,0.00000000,1746773699999,0.00000000,0,0.00000000,0.00000000,0
2025-05-09 06:55:00,0.36740000,0.36740000,0.36740000,0.36740000,0.00000000,1746773759999,0.00000000,0,0.00000000,0.00000000,0
2025-05-09 06:56:00,0.36740000,0.36740000,0.36740000,0.36740000,0.00000000,1746773819999,0.00000000,0,0.00000000,0.00000000,0
2025-05-09 06:57:00,0.36740000,0.36740000,0.36740000,0.36740000,0.00000000,1746773879999,0.00000000,0,0.00000000,0.00000000,0
2025-05-09 06:58:00,0.36740000,0.36740000,0.36740000,0.36740000,0.00000000,1746773939999,0.00000000,0,0.00000000,0.00000000,0
2025-05-09 06:59:00,0.36740000,0.36740000,0.36740000,0.36740000,0.00000000,1746773999999,0.00000000,0,0.00000000,0.00000000,0
2025-05-09 07:00:00,0.36740000,0.36740000,0.36740000,0.36740000,0.00000000,1746774059999,0.00000000,0,0.00000000,0.00000000,0
2025-05-09 07:01:00,0.36740000,0.36740000,0.36740000,0.36740000,0.00000000,1746774119999,0.00000000,0,0.00000000,0.00000000,0
2025-05-09 07:02:00,0.36740000,0.36740000,0.36740000,0.36740000,0.00000000,1746774179999,0.00000000,0,0.00000000,0.00000000,0
2025-05-09 07:03:00,0.36740000,0.36740000,0.36740000,0.36740000,0.00000000,1746774239999,0.00000000,0,0.00000000,0.00000000,0
2025-05-09 07:04:00,0.37080000,0.37080000,0.37080000,0.37080000,9.90000000,1746774299999,3.67092000,1,9.90000000,3.67092000,0
2025-05-09 07:05:00,0.37080000,0.37080000,0.37080000,0.37080000,0.00000000,1746774359999,0.00000000,0,0.00000000,0.00000000,0
2025-05-09 07:06:00,0.37220000,0.37220000,0.37220000,0.37220000,16.80000000,1746774419999,6.25296000,2,16.80000000,6.25296000,0
2025-05-09 07:07:00,0.37220000,0.37220000,0.37220000,0.37220000,0.00000000,1746774479999,0.00000000,0,0.00000000,0.00000000,0
2025-05-09 07:08:00,0.37220000,0.37220000,0.37220000,0.37220000,0.00000000,1746774539999,0.00000000,0,0.00000000,0.00000000,0
2025-05-09 07:09:00,0.37220000,0.37220000,0.37220000,0.37220000,0.00000000,1746774599999,0.00000000,0,0.00000000,0.00000000,0
2025-05-09 07:10:00,0.37220000,0.37220000,0.37220000,0.37220000,0.00000000,1746774659999,0.00000000,0,0.00000000,0.00000000,0
2025-05-09 07:11:00,0.37220000,0.37220000,0.37220000,0.37220000,254.80000000,1746774719999,94.83656000,1,254.80000000,94.83656000,0
2025-05-09 07:12:00,0.37280000,0.37280000,0.37280000,0.37280000,7.40000000,1746774779999,2.75872000,1,7.40000000,2.75872000,0
2025-05-09 07:13:00,0.37280000,0.37280000,0.37280000,0.37280000,0.00000000,1746774839999,0.00000000,0,0.00000000,0.00000000,0
2025-05-09 07:14:00,0.37280000,0.37280000,0.37280000,0.37280000,0.00000000,1746774899999,0.00000000,0,0.00000000,0.00000000,0
2025-05-09 07:15:00,0.37280000,0.37280000,0.37280000,0.37280000,0.00000000,1746774959999,0.00000000,0,0.00000000,0.00000000,0
2025-05-09 07:16:00,0.37380000,0.37470000,0.37380000,0.37470000,274.90000000,1746775019999,102.76419000,3,274.90000000,102.76419000,0
2025-05-09 07:17:00,0.37470000,0.37470000,0.37470000,0.37470000,9.40000000,1746775079999,3.52218000,1,9.40000000,3.52218000,0
2025-05-09 07:18:00,0.37470000,0.37470000,0.37470000,0.37470000,0.00000000,1746775139999,0.00000000,0,0.00000000,0.00000000,0
2025-05-09 07:19:00,0.37470000,0.37470000,0.37470000,0.37470000,0.00000000,1746775199999,0.00000000,0,0.00000000,0.00000000,0
2025-05-09 07:20:00,0.37470000,0.37470000,0.37470000,0.37470000,0.00000000,1746775259999,0.00000000,0,0.00000000,0.00000000,0
2025-05-09 07:21:00,0.37470000,0.37470000,0.37470000,0.37470000,0.00000000,1746775319999,0.00000000,0,0.00000000,0.00000000,0
2025-05-09 07:22:00,0.37470000,0.37470000,0.37470000,0.37470000,0.00000000,1746775379999,0.00000000,0,0.00000000,0.00000000,0
2025-05-09 07:23:00,0.37470000,0.37560000,0.37470000,0.37560000,65.10000000,1746775439999,24.41700000,2,65.10000000,24.41700000,0
2025-05-09 07:24:00,0.37560000,0.37560000,0.37560000,0.37560000,0.00000000,1746775499999,0.00000000,0,0.00000000,0.00000000,0
2025-05-09 07:25:00,0.37560000,0.37560000,0.37560000,0.37560000,0.00000000,1746775559999,0.00000000,0,0.00000000,0.00000000,0
2025-05-09 07:26:00,0.37560000,0.37560000,0.37560000,0.37560000,0.00000000,1746775619999,0.00000000,0,0.00000000,0.00000000,0
2025-05-09 07:27:00,0.37560000,0.37560000,0.37560000,0.37560000,0.00000000,1746775679999,0.00000000,0,0.00000000,0.00000000,0
2025-05-09 07:28:00,0.37560000,0.37560000,0.37560000,0.37560000,0.00000000,1746775739999,0.00000000,0,0.00000000,0.00000000,0
2025-05-09 07:29:00,0.37560000,0.37560000,0.37560000,0.37560000,0.00000000,1746775799999,0.00000000,0,0.00000000,0.00000000,0
2025-05-09 07:30:00,0.37560000,0.37560000,0.37560000,0.37560000,0.00000000,1746775859999,0.00000000,0,0.00000000,0.00000000,0
2025-05-09 07:31:00,0.37560000,0.37560000,0.37560000,0.37560000,0.00000000,1746775919999,0.00000000,0,0.00000000,0.00000000,0
2025-05-09 07:32:00,0.37560000,0.37560000,0.37560000,0.37560000,0.00000000,1746775979999,0.00000000,0,0.00000000,0.00000000,0
2025-05-09 07:33:00,0.37560000,0.37560000,0.37560000,0.37560000,0.00000000,1746776039999,0.00000000,0,0.00000000,0.00000000,0
2025-05-09 07:34:00,0.37560000,0.37560000,0.37560000,0.37560000,0.00000000,1746776099999,0.00000000,0,0.00000000,0.00000000,0
2025-05-09 07:35:00,0.37560000,0.37560000,0.37560000,0.37560000,0.00000000,1746776159999,0.00000000,0,0.00000000,0.00000000,0
2025-05-09 07:36:00,0.37560000,0.37560000,0.37560000,0.37560000,0.00000000,1746776219999,0.00000000,0,0.00000000,0.00000000,0
2025-05-09 07:37:00,0.37560000,0.37560000,0.37560000,0.37560000,0.00000000,1746776279999,0.00000000,0,0.00000000,0.00000000,0
2025-05-09 07:38:00,0.37560000,0.37560000,0.37560000,0.37560000,0.00000000,1746776339999,0.00000000,0,0.00000000,0.00000000,0
2025-05-09 07:39:00,0.37560000,0.37560000,0.37560000,0.37560000,0.00000000,1746776399999,0.00000000,0,0.00000000,0.00000000,0
2025-05-09 07:40:00,0.37560000,0.37560000,0.37560000,0.37560000,0.00000000,1746776459999,0.00000000,0,0.00000000,0.00000000,0
2025-05-09 07:41:00,0.37560000,0.37560000,0.37560000,0.37560000,0.00000000,1746776519999,0.00000000,0,0.00000000,0.00000000,0
2025-05-09 07:42:00,0.37630000,0.37670000,0.37630000,0.37670000,16.90000000,1746776579999,6.36327000,2,16.90000000,6.36327000,0
2025-05-09 07:43:00,0.37870000,0.37890000,0.37870000,0.37880000,283.50000000,1746776639999,107.36382000,3,283.50000000,107.36382000,0
2025-05-09 07:44:00,0.37880000,0.37880000,0.37880000,0.37880000,0.00000000,1746776699999,0.00000000,0,0.00000000,0.00000000,0
2025-05-09 07:45:00,0.37880000,0.37880000,0.37880000,0.37880000,0.00000000,1746776759999,0.00000000,0,0.00000000,0.00000000,0
2025-05-09 07:46:00,0.37880000,0.37880000,0.37880000,0.37880000,0.00000000,1746776819999,0.00000000,0,0.00000000,0.00000000,0
2025-05-09 07:47:00,0.37980000,0.37980000,0.37980000,0.37980000,16.70000000,1746776879999,6.34266000,2,16.70000000,6.34266000,0
2025-05-09 07:48:00,0.37400000,0.37400000,0.37400000,0.37400000,28.80000000,1746776939999,10.77120000,1,0.00000000,0.00000000,0
2025-05-09 07:49:00,0.38100000,0.38100000,0.38100000,0.38100000,271.70000000,1746776999999,103.51770000,2,271.70000000,103.51770000,0
2025-05-09 07:50:00,0.38100000,0.38100000,0.38100000,0.38100000,0.00000000,1746777059999,0.00000000,0,0.00000000,0.00000000,0
2025-05-09 07:51:00,0.37980000,0.37980000,0.37960000,0.37960000,125.60000000,1746777119999,47.70146000,2,7.10000000,2.69516000,0
2025-05-09 07:52:00,0.37960000,0.37960000,0.37960000,0.37960000,0.00000000,1746777179999,0.00000000,0,0.00000000,0.00000000,0
2025-05-09 07:53:00,0.37960000,0.37960000,0.37960000,0.37960000,0.00000000,1746777239999,0.00000000,0,0.00000000,0.00000000,0
2025-05-09 07:54:00,0.37960000,0.37960000,0.37960000,0.37960000,0.00000000,1746777299999,0.00000000,0,0.00000000,0.00000000,0
2025-05-09 07:55:00,0.37960000,0.37960000,0.37960000,0.37960000,0.00000000,1746777359999,0.00000000,0,0.00000000,0.00000000,0
2025-05-09 07:56:00,0.37790000,0.37960000,0.37790000,0.37960000,1987.20000000,1746777419999,752.50801000,2,1078.30000000,407.48957000,0
2025-05-09 07:57:00,0.37960000,0.37960000,0.37960000,0.37960000,0.00000000,1746777479999,0.00000000,0,0.00000000,0.00000000,0
2025-05-09 07:58:00,0.37960000,0.37960000,0.37960000,0.37960000,0.00000000,1746777539999,0.00000000,0,0.00000000,0.00000000,0
2025-05-09 07:59:00,0.37960000,0.37960000,0.37960000,0.37960000,0.00000000,1746777599999,0.00000000,0,0.00000000,0.00000000,0
2025-05-09 08:00:00,0.37960000,0.37960000,0.37960000,0.37960000,0.00000000,1746777659999,0.00000000,0,0.00000000,0.00000000,0
2025-05-09 08:01:00,0.37960000,0.37960000,0.37960000,0.37960000,0.00000000,1746777719999,0.00000000,0,0.00000000,0.00000000,0
2025-05-09 08:02:00,0.37960000,0.37960000,0.37960000,0.37960000,0.00000000,1746777779999,0.00000000,0,0.00000000,0.00000000,0
2025-05-09 08:03:00,0.37960000,0.37960000,0.37960000,0.37960000,0.00000000,1746777839999,0.00000000,0,0.00000000,0.00000000,0
2025-05-09 08:04:00,0.37960000,0.37960000,0.37960000,0.37960000,0.00000000,1746777899999,0.00000000,0,0.00000000,0.00000000,0
2025-05-09 08:05:00,0.37960000,0.37960000,0.37960000,0.37960000,0.00000000,1746777959999,0.00000000,0,0.00000000,0.00000000,0
2025-05-09 08:06:00,0.37960000,0.37960000,0.37960000,0.37960000,0.00000000,1746778019999,0.00000000,0,0.00000000,0.00000000,0
2025-05-09 08:07:00,0.37960000,0.37960000,0.37960000,0.37960000,0.00000000,1746778079999,0.00000000,0,0.00000000,0.00000000,0
2025-05-09 08:08:00,0.37960000,0.37960000,0.37960000,0.37960000,0.00000000,1746778139999,0.00000000,0,0.00000000,0.00000000,0
2025-05-09 08:09:00,0.37960000,0.37960000,0.37960000,0.37960000,0.00000000,1746778199999,0.00000000,0,0.00000000,0.00000000,0
2025-05-09 08:10:00,0.37960000,0.37960000,0.37960000,0.37960000,0.00000000,1746778259999,0.00000000,0,0.00000000,0.00000000,0
2025-05-09 08:11:00,0.37960000,0.37960000,0.37960000,0.37960000,0.00000000,1746778319999,0.00000000,0,0.00000000,0.00000000,0
2025-05-09 08:12:00,0.37960000,0.37960000,0.37960000,0.37960000,0.00000000,1746778379999,0.00000000,0,0.00000000,0.00000000,0
2025-05-09 08:13:00,0.37960000,0.37960000,0.37960000,0.37960000,0.00000000,1746778439999,0.00000000,0,0.00000000,0.00000000,0
2025-05-09 08:14:00,0.37960000,0.37960000,0.37960000,0.37960000,0.00000000,1746778499999,0.00000000,0,0.00000000,0.00000000,0
2025-05-09 08:15:00,0.38160000,0.38160000,0.38160000,0.38160000,52.20000000,1746778559999,19.91952000,1,52.20000000,19.91952000,0
2025-05-09 08:16:00,0.38190000,0.38190000,0.38190000,0.38190000,35.50000000,1746778619999,13.55745000,1,35.50000000,13.55745000,0
2025-05-09 08:17:00,0.38190000,0.38190000,0.38190000,0.38190000,0.00000000,1746778679999,0.00000000,0,0.00000000,0.00000000,0
2025-05-09 08:18:00,0.38240000,0.38330000,0.38240000,0.38330000,693.80000000,1746778739999,265.58769000,4,693.80000000,265.58769000,0
2025-05-09 08:19:00,0.38330000,0.38330000,0.38330000,0.38330000,0.00000000,1746778799999,0.00000000,0,0.00000000,0.00000000,0
2025-05-09 08:20:00,0.38480000,0.38480000,0.38480000,0.38480000,9.10000000,1746778859999,3.50168000,1,9.10000000,3.50168000,0
2025-05-09 08:21:00,0.38480000,0.38480000,0.38480000,0.38480000,0.00000000,1746778919999,0.00000000,0,0.00000000,0.00000000,0
2025-05-09 08:22:00,0.38480000,0.38480000,0.38480000,0.38480000,7.10000000,1746778979999,2.73208000,1,7.10000000,2.73208000,0
2025-05-09 08:23:00,0.38480000,0.38480000,0.38480000,0.38480000,0.00000000,1746779039999,0.00000000,0,0.00000000,0.00000000,0
2025-05-09 08:24:00,0.38480000,0.38480000,0.38480000,0.38480000,12.30000000,1746779099999,4.73304000,1,12.30000000,4.73304000,0
2025-05-09 08:25:00,0.38550000,0.38550000,0.38550000,0.38550000,25.90000000,1746779159999,9.98445000,1,25.90000000,9.98445000,0
2025-05-09 08:26:00,0.38550000,0.38550000,0.38550000,0.38550000,354.40000000,1746779219999,136.62120000,1,354.40000000,136.62120000,0
2025-05-09 08:27:00,0.38590000,0.38890000,0.38590000,0.38890000,97.60000000,1746779279999,37.80707000,6,97.60000000,37.80707000,0
2025-05-09 08:28:00,0.38900000,0.38900000,0.38900000,0.38900000,7.00000000,1746779339999,2.72300000,1,7.00000000,2.72300000,0
2025-05-09 08:29:00,0.38900000,0.38900000,0.38900000,0.38900000,9.00000000,1746779399999,3.50100000,1,0.00000000,0.00000000,0
2025-05-09 08:30:00,0.38900000,0.38900000,0.38900000,0.38900000,0.00000000,1746779459999,0.00000000,0,0.00000000,0.00000000,0
2025-05-09 08:31:00,0.38960000,0.39040000,0.38960000,0.39040000,33.60000000,1746779519999,13.09624000,2,33.60000000,13.09624000,0
2025-05-09 08:32:00,0.39180000,0.39180000,0.39080000,0.39080000,781.90000000,1746779579999,306.23314000,4,781.90000000,306.23314000,0
2025-05-09 08:33:00,0.39080000,0.39080000,0.39080000,0.39080000,0.00000000,1746779639999,0.00000000,0,0.00000000,0.00000000,0
2025-05-09 08:34:00,0.39080000,0.39080000,0.39080000,0.39080000,0.00000000,1746779699999,0.00000000,0,0.00000000,0.00000000,0
2025-05-09 08:35:00,0.39080000,0.39080000,0.39080000,0.39080000,0.00000000,1746779759999,0.00000000,0,0.00000000,0.00000000,0
2025-05-09 08:36:00,0.39080000,0.39080000,0.39080000,0.39080000,0.00000000,1746779819999,0.00000000,0,0.00000000,0.00000000,0
2025-05-09 08:37:00,0.39060000,0.39060000,0.39060000,0.39060000,115.30000000,1746779879999,45.03618000,1,0.00000000,0.00000000,0
2025-05-09 08:38:00,0.38840000,0.38840000,0.38840000,0.38840000,127.50000000,1746779939999,49.52100000,1,0.00000000,0.00000000,0
2025-05-09 08:39:00,0.38840000,0.38840000,0.38840000,0.38840000,0.00000000,1746779999999,0.00000000,0,0.00000000,0.00000000,0
2025-05-09 08:40:00,0.38600000,0.38600000,0.38340000,0.38340000,211.80000000,1746780059999,81.57458000,3,0.00000000,0.00000000,0
2025-05-09 08:41:00,0.38340000,0.38340000,0.38340000,0.38340000,0.00000000,1746780119999,0.00000000,0,0.00000000,0.00000000,0
2025-05-09 08:42:00,0.38340000,0.38340000,0.38340000,0.38340000,92.80000000,1746780179999,35.57952000,2,0.00000000,0.00000000,0
2025-05-09 08:43:00,0.38290000,0.38290000,0.37740000,0.37740000,403.80000000,1746780239999,153.07197000,9,0.00000000,0.00000000,0
2025-05-09 08:44:00,0.37740000,0.37740000,0.37740000,0.37740000,0.00000000,1746780299999,0.00000000,0,0.00000000,0.00000000,0
2025-05-09 08:45:00,0.37740000,0.37740000,0.37740000,0.37740000,0.00000000,1746780359999,0.00000000,0,0.00000000,0.00000000,0
2025-05-09 08:46:00,0.37740000,0.37740000,0.37740000,0.37740000,0.00000000,1746780419999,0.00000000,0,0.00000000,0.00000000,0
2025-05-09 08:47:00,0.37740000,0.37740000,0.37740000,0.37740000,0.00000000,1746780479999,0.00000000,0,0.00000000,0.00000000,0
2025-05-09 08:48:00,0.37740000,0.37740000,0.37740000,0.37740000,0.00000000,1746780539999,0.00000000,0,0.00000000,0.00000000,0
2025-05-09 08:49:00,0.37740000,0.37740000,0.37740000,0.37740000,0.00000000,1746780599999,0.00000000,0,0.00000000,0.00000000,0
2025-05-09 08:50:00,0.37740000,0.37740000,0.37740000,0.37740000,0.00000000,1746780659999,0.00000000,0,0.00000000,0.00000000,0
2025-05-09 08:51:00,0.37740000,0.37740000,0.37740000,0.37740000,0.00000000,1746780719999,0.00000000,0,0.00000000,0.00000000,0
2025-05-09 08:52:00,0.37740000,0.37740000,0.37740000,0.37740000,0.00000000,1746780779999,0.00000000,0,0.00000000,0.00000000,0
2025-05-09 08:53:00,0.37740000,0.37740000,0.37740000,0.37740000,0.00000000,1746780839999,0.00000000,0,0.00000000,0.00000000,0
2025-05-09 08:54:00,0.37740000,0.37740000,0.37740000,0.37740000,0.00000000,1746780899999,0.00000000,0,0.00000000,0.00000000,0
2025-05-09 08:55:00,0.37740000,0.37740000,0.37740000,0.37740000,0.00000000,1746780959999,0.00000000,0,0.00000000,0.00000000,0
2025-05-09 08:56:00,0.37740000,0.37740000,0.37740000,0.37740000,0.00000000,1746781019999,0.00000000,0,0.00000000,0.00000000,0
2025-05-09 08:57:00,0.37740000,0.37740000,0.37740000,0.37740000,0.00000000,1746781079999,0.00000000,0,0.00000000,0.00000000,0
2025-05-09 08:58:00,0.37740000,0.37740000,0.37740000,0.37740000,0.00000000,1746781139999,0.00000000,0,0.00000000,0.00000000,0
2025-05-09 08:59:00,0.37740000,0.37740000,0.37740000,0.37740000,0.00000000,1746781199999,0.00000000,0,0.00000000,0.00000000,0
2025-05-09 09:00:00,0.37740000,0.37740000,0.37740000,0.37740000,0.00000000,1746781259999,0.00000000,0,0.00000000,0.00000000,0
2025-05-09 09:01:00,0.37740000,0.37740000,0.37740000,0.37740000,0.00000000,1746781319999,0.00000000,0,0.00000000,0.00000000,0
2025-05-09 09:02:00,0.37740000,0.37740000,0.37740000,0.37740000,0.00000000,1746781379999,0.00000000,0,0.00000000,0.00000000,0
2025-05-09 09:03:00,0.37740000,0.37740000,0.37740000,0.37740000,0.00000000,1746781439999,0.00000000,0,0.00000000,0.00000000,0
2025-05-09 09:04:00,0.37740000,0.37740000,0.37740000,0.37740000,0.00000000,1746781499999,0.00000000,0,0.00000000,0.00000000,0
2025-05-09 09:05:00,0.37740000,0.37740000,0.37740000,0.37740000,0.00000000,1746781559999,0.00000000,0,0.00000000,0.00000000,0
2025-05-09 09:06:00,0.37740000,0.37740000,0.37740000,0.37740000,0.00000000,1746781619999,0.00000000,0,0.00000000,0.00000000,0
2025-05-09 09:07:00,0.37740000,0.37740000,0.37740000,0.37740000,0.00000000,1746781679999,0.00000000,0,0.00000000,0.00000000,0
2025-05-09 09:08:00,0.37740000,0.37740000,0.37740000,0.37740000,0.00000000,1746781739999,0.00000000,0,0.00000000,0.00000000,0
2025-05-09 09:09:00,0.37740000,0.37740000,0.37740000,0.37740000,0.00000000,1746781799999,0.00000000,0,0.00000000,0.00000000,0
2025-05-09 09:10:00,0.37740000,0.37740000,0.37740000,0.37740000,0.00000000,1746781859999,0.00000000,0,0.00000000,0.00000000,0
2025-05-09 09:11:00,0.37690000,0.37690000,0.37390000,0.37390000,144.70000000,1746781919999,54.15343000,4,0.00000000,0.00000000,0
2025-05-09 09:12:00,0.37390000,0.37390000,0.37390000,0.37390000,0.00000000,1746781979999,0.00000000,0,0.00000000,0.00000000,0
2025-05-09 09:13:00,0.37390000,0.37390000,0.37390000,0.37390000,0.00000000,1746782039999,0.00000000,0,0.00000000,0.00000000,0
2025-05-09 09:14:00,0.37390000,0.37390000,0.37390000,0.37390000,0.00000000,1746782099999,0.00000000,0,0.00000000,0.00000000,0
2025-05-09 09:15:00,0.37390000,0.37390000,0.37390000,0.37390000,83.30000000,1746782159999,31.14587000,1,0.00000000,0.00000000,0
2025-05-09 09:16:00,0.37390000,0.37390000,0.37390000,0.37390000,0.00000000,1746782219999,0.00000000,0,0.00000000,0.00000000,0
2025-05-09 09:17:00,0.37390000,0.37390000,0.37390000,0.37390000,0.00000000,1746782279999,0.00000000,0,0.00000000,0.00000000,0
2025-05-09 09:18:00,0.37390000,0.37390000,0.37390000,0.37390000,0.00000000,1746782339999,0.00000000,0,0.00000000,0.00000000,0
2025-05-09 09:19:00,0.37390000,0.37390000,0.37390000,0.37390000,0.00000000,1746782399999,0.00000000,0,0.00000000,0.00000000,0
2025-05-09 09:20:00,0.37390000,0.37390000,0.37390000,0.37390000,0.00000000,1746782459999,0.00000000,0,0.00000000,0.00000000,0
2025-05-09 09:21:00,0.37390000,0.37390000,0.37280000,0.37280000,82.40000000,1746782519999,30.73570000,3,0.00000000,0.00000000,0
2025-05-09 09:22:00,0.37250000,0.37250000,0.37250000,0.37250000,32.00000000,1746782579999,11.92000000,1,32.00000000,11.92000000,0
2025-05-09 09:23:00,0.37250000,0.37250000,0.37250000,0.37250000,0.00000000,1746782639999,0.00000000,0,0.00000000,0.00000000,0
2025-05-09 09:24:00,0.37800000,0.37800000,0.37800000,0.37800000,175.50000000,1746782699999,66.33900000,3,0.00000000,0.00000000,0
2025-05-09 09:25:00,0.37800000,0.37800000,0.37800000,0.37800000,0.00000000,1746782759999,0.00000000,0,0.00000000,0.00000000,0
2025-05-09 09:26:00,0.37800000,0.37800000,0.37800000,0.37800000,0.00000000,1746782819999,0.00000000,0,0.00000000,0.00000000,0
2025-05-09 09:27:00,0.37800000,0.37800000,0.37800000,0.37800000,0.00000000,1746782879999,0.00000000,0,0.00000000,0.00000000,0
2025-05-09 09:28:00,0.37800000,0.37800000,0.37800000,0.37800000,0.00000000,1746782939999,0.00000000,0,0.00000000,0.00000000,0
2025-05-09 09:29:00,0.37800000,0.37800000,0.37800000,0.37800000,0.00000000,1746782999999,0.00000000,0,0.00000000,0.00000000,0
2025-05-09 09:30:00,0.37800000,0.37800000,0.37800000,0.37800000,0.00000000,1746783059999,0.00000000,0,0.00000000,0.00000000,0
2025-05-09 09:31:00,0.37800000,0.37800000,0.37800000,0.37800000,0.00000000,1746783119999,0.00000000,0,0.00000000,0.00000000,0
2025-05-09 09:32:00,0.37800000,0.37800000,0.37800000,0.37800000,0.00000000,1746783179999,0.00000000,0,0.00000000,0.00000000,0
2025-05-09 09:33:00,0.37800000,0.37800000,0.37800000,0.37800000,0.00000000,1746783239999,0.00000000,0,0.00000000,0.00000000,0
2025-05-09 09:34:00,0.37800000,0.37800000,0.37800000,0.37800000,0.00000000,1746783299999,0.00000000,0,0.00000000,0.00000000,0
2025-05-09 09:35:00,0.37800000,0.37800000,0.37800000,0.37800000,0.00000000,1746783359999,0.00000000,0,0.00000000,0.00000000,0
2025-05-09 09:36:00,0.37800000,0.37800000,0.37800000,0.37800000,0.00000000,1746783419999,0.00000000,0,0.00000000,0.00000000,0
2025-05-09 09:37:00,0.37800000,0.37800000,0.37800000,0.37800000,0.00000000,1746783479999,0.00000000,0,0.00000000,0.00000000,0
2025-05-09 09:38:00,0.37800000,0.37800000,0.37800000,0.37800000,0.00000000,1746783539999,0.00000000,0,0.00000000,0.00000000,0
2025-05-09 09:39:00,0.37800000,0.37800000,0.37800000,0.37800000,0.00000000,1746783599999,0.00000000,0,0.00000000,0.00000000,0
2025-05-09 09:40:00,0.37800000,0.37800000,0.37800000,0.37800000,0.00000000,1746783659999,0.00000000,0,0.00000000,0.00000000,0
2025-05-09 09:41:00,0.37800000,0.37800000,0.37800000,0.37800000,0.00000000,1746783719999,0.00000000,0,0.00000000,0.00000000,0
2025-05-09 09:42:00,0.37800000,0.37800000,0.37800000,0.37800000,0.00000000,1746783779999,0.00000000,0,0.00000000,0.00000000,0
2025-05-09 09:43:00,0.37800000,0.37800000,0.37800000,0.37800000,0.00000000,1746783839999,0.00000000,0,0.00000000,0.00000000,0
2025-05-09 09:44:00,0.37800000,0.37800000,0.37800000,0.37800000,0.00000000,1746783899999,0.00000000,0,0.00000000,0.00000000,0
2025-05-09 09:45:00,0.37800000,0.37800000,0.37800000,0.37800000,0.00000000,1746783959999,0.00000000,0,0.00000000,0.00000000,0
2025-05-09 09:46:00,0.37800000,0.37800000,0.37800000,0.37800000,0.00000000,1746784019999,0.00000000,0,0.00000000,0.00000000,0
2025-05-09 09:47:00,0.37800000,0.37800000,0.37800000,0.37800000,0.00000000,1746784079999,0.00000000,0,0.00000000,0.00000000,0
2025-05-09 09:48:00,0.37800000,0.37800000,0.37800000,0.37800000,0.00000000,1746784139999,0.00000000,0,0.00000000,0.00000000,0
2025-05-09 09:49:00,0.37800000,0.37800000,0.37800000,0.37800000,0.00000000,1746784199999,0.00000000,0,0.00000000,0.00000000,0
2025-05-09 09:50:00,0.37800000,0.37800000,0.37800000,0.37800000,0.00000000,1746784259999,0.00000000,0,0.00000000,0.00000000,0
2025-05-09 09:51:00,0.37800000,0.37800000,0.37800000,0.37800000,0.00000000,1746784319999,0.00000000,0,0.00000000,0.00000000,0
2025-05-09 09:52:00,0.37800000,0.37800000,0.37800000,0.37800000,0.00000000,1746784379999,0.00000000,0,0.00000000,0.00000000,0
2025-05-09 09:53:00,0.37800000,0.37800000,0.37800000,0.37800000,0.00000000,1746784439999,0.00000000,0,0.00000000,0.00000000,0
2025-05-09 09:54:00,0.37800000,0.37800000,0.37800000,0.37800000,0.00000000,1746784499999,0.00000000,0,0.00000000,0.00000000,0
2025-05-09 09:55:00,0.37800000,0.37800000,0.37800000,0.37800000,0.00000000,1746784559999,0.00000000,0,0.00000000,0.00000000,0
2025-05-09 09:56:00,0.37800000,0.37800000,0.37800000,0.37800000,0.00000000,1746784619999,0.00000000,0,0.00000000,0.00000000,0
2025-05-09 09:57:00,0.37800000,0.37800000,0.37800000,0.37800000,0.00000000,1746784679999,0.00000000,0,0.00000000,0.00000000,0
2025-05-09 09:58:00,0.37800000,0.37800000,0.37800000,0.37800000,0.00000000,1746784739999,0.00000000,0,0.00000000,0.00000000,0
2025-05-09 09:59:00,0.37800000,0.37800000,0.37800000,0.37800000,0.00000000,1746784799999,0.00000000,0,0.00000000,0.00000000,0
2025-05-09 10:00:00,0.37800000,0.37800000,0.37800000,0.37800000,0.00000000,1746784859999,0.00000000,0,0.00000000,0.00000000,0
2025-05-09 10:01:00,0.37800000,0.37800000,0.37800000,0.37800000,0.00000000,1746784919999,0.00000000,0,0.00000000,0.00000000,0
2025-05-09 10:02:00,0.37800000,0.37800000,0.37800000,0.37800000,0.00000000,1746784979999,0.00000000,0,0.00000000,0.00000000,0
2025-05-09 10:03:00,0.37800000,0.37800000,0.37800000,0.37800000,0.00000000,1746785039999,0.00000000,0,0.00000000,0.00000000,0
2025-05-09 10:04:00,0.37800000,0.37800000,0.37800000,0.37800000,0.00000000,1746785099999,0.00000000,0,0.00000000,0.00000000,0
2025-05-09 10:05:00,0.37800000,0.37800000,0.37800000,0.37800000,0.00000000,1746785159999,0.00000000,0,0.00000000,0.00000000,0
2025-05-09 10:06:00,0.37800000,0.37800000,0.37800000,0.37800000,0.00000000,1746785219999,0.00000000,0,0.00000000,0.00000000,0
2025-05-09 10:07:00,0.37800000,0.37800000,0.37800000,0.37800000,0.00000000,1746785279999,0.00000000,0,0.00000000,0.00000000,0
2025-05-09 10:08:00,0.37800000,0.37800000,0.37800000,0.37800000,0.00000000,1746785339999,0.00000000,0,0.00000000,0.00000000,0
2025-05-09 10:09:00,0.37800000,0.37800000,0.37800000,0.37800000,0.00000000,1746785399999,0.00000000,0,0.00000000,0.00000000,0
2025-05-09 10:10:00,0.37800000,0.37800000,0.37800000,0.37800000,0.00000000,1746785459999,0.00000000,0,0.00000000,0.00000000,0
2025-05-09 10:11:00,0.37800000,0.37800000,0.37800000,0.37800000,0.00000000,1746785519999,0.00000000,0,0.00000000,0.00000000,0
2025-05-09 10:12:00,0.37800000,0.37800000,0.37800000,0.37800000,0.00000000,1746785579999,0.00000000,0,0.00000000,0.00000000,0
2025-05-09 10:13:00,0.37800000,0.37800000,0.37800000,0.37800000,0.00000000,1746785639999,0.00000000,0,0.00000000,0.00000000,0
2025-05-09 10:14:00,0.37800000,0.37800000,0.37800000,0.37800000,0.00000000,1746785699999,0.00000000,0,0.00000000,0.00000000,0
2025-05-09 10:15:00,0.37800000,0.37800000,0.37800000,0.37800000,0.00000000,1746785759999,0.00000000,0,0.00000000,0.00000000,0
2025-05-09 10:16:00,0.37800000,0.37800000,0.37800000,0.37800000,0.00000000,1746785819999,0.00000000,0,0.00000000,0.00000000,0
2025-05-09 10:17:00,0.37800000,0.37800000,0.37800000,0.37800000,0.00000000,1746785879999,0.00000000,0,0.00000000,0.00000000,0
2025-05-09 10:18:00,0.37800000,0.37800000,0.37800000,0.37800000,0.00000000,1746785939999,0.00000000,0,0.00000000,0.00000000,0
2025-05-09 10:19:00,0.37800000,0.37800000,0.37800000,0.37800000,0.00000000,1746785999999,0.00000000,0,0.00000000,0.00000000,0
2025-05-09 10:20:00,0.37800000,0.37800000,0.37800000,0.37800000,0.00000000,1746786059999,0.00000000,0,0.00000000,0.00000000,0
2025-05-09 10:21:00,0.37800000,0.37800000,0.37800000,0.37800000,0.00000000,1746786119999,0.00000000,0,0.00000000,0.00000000,0
2025-05-09 10:22:00,0.37800000,0.37800000,0.37800000,0.37800000,0.00000000,1746786179999,0.00000000,0,0.00000000,0.00000000,0
2025-05-09 10:23:00,0.37800000,0.37800000,0.37800000,0.37800000,0.00000000,1746786239999,0.00000000,0,0.00000000,0.00000000,0
2025-05-09 10:24:00,0.37800000,0.37800000,0.37800000,0.37800000,0.00000000,1746786299999,0.00000000,0,0.00000000,0.00000000,0
2025-05-09 10:25:00,0.37800000,0.37800000,0.37800000,0.37800000,0.00000000,1746786359999,0.00000000,0,0.00000000,0.00000000,0
2025-05-09 10:26:00,0.37800000,0.37800000,0.37800000,0.37800000,0.00000000,1746786419999,0.00000000,0,0.00000000,0.00000000,0
2025-05-09 10:27:00,0.37800000,0.37800000,0.37800000,0.37800000,0.00000000,1746786479999,0.00000000,0,0.00000000,0.00000000,0
2025-05-09 10:28:00,0.37800000,0.37800000,0.37800000,0.37800000,0.00000000,1746786539999,0.00000000,0,0.00000000,0.00000000,0
2025-05-09 10:29:00,0.37800000,0.37800000,0.37800000,0.37800000,0.00000000,1746786599999,0.00000000,0,0.00000000,0.00000000,0
2025-05-09 10:30:00,0.37800000,0.37800000,0.37800000,0.37800000,0.00000000,1746786659999,0.00000000,0,0.00000000,0.00000000,0
2025-05-09 10:31:00,0.37800000,0.37800000,0.37800000,0.37800000,0.00000000,1746786719999,0.00000000,0,0.00000000,0.00000000,0
2025-05-09 10:32:00,0.37800000,0.37800000,0.37510000,0.37510000,186.00000000,1746786779999,69.83501000,2,0.00000000,0.00000000,0
2025-05-09 10:33:00,0.37510000,0.37510000,0.37510000,0.37510000,0.00000000,1746786839999,0.00000000,0,0.00000000,0.00000000,0
2025-05-09 10:34:00,0.37510000,0.37510000,0.37510000,0.37510000,0.00000000,1746786899999,0.00000000,0,0.00000000,0.00000000,0
2025-05-09 10:35:00,0.37510000,0.37510000,0.37510000,0.37510000,0.00000000,1746786959999,0.00000000,0,0.00000000,0.00000000,0
2025-05-09 10:36:00,0.37510000,0.37510000,0.37510000,0.37510000,0.00000000,1746787019999,0.00000000,0,0.00000000,0.00000000,0
2025-05-09 10:37:00,0.37510000,0.37510000,0.37510000,0.37510000,0.00000000,1746787079999,0.00000000,0,0.00000000,0.00000000,0
2025-05-09 10:38:00,0.37510000,0.37510000,0.37510000,0.37510000,0.00000000,1746787139999,0.00000000,0,0.00000000,0.00000000,0
2025-05-09 10:39:00,0.37510000,0.37510000,0.37510000,0.37510000,0.00000000,1746787199999,0.00000000,0,0.00000000,0.00000000,0
2025-05-09 10:40:00,0.37510000,0.37510000,0.37510000,0.37510000,0.00000000,1746787259999,0.00000000,0,0.00000000,0.00000000,0
2025-05-09 10:41:00,0.37780000,0.37780000,0.37780000,0.37780000,194.70000000,1746787319999,73.55766000,1,194.70000000,73.55766000,0
2025-05-09 10:42:00,0.37980000,0.37980000,0.37980000,0.37980000,596.30000000,1746787379999,226.47474000,3,16.70000000,6.34266000,0
2025-05-09 10:43:00,0.37980000,0.37980000,0.37980000,0.37980000,0.00000000,1746787439999,0.00000000,0,0.00000000,0.00000000,0
2025-05-09 10:44:00,0.37980000,0.37980000,0.37980000,0.37980000,0.00000000,1746787499999,0.00000000,0,0.00000000,0.00000000,0
2025-05-09 10:45:00,0.37980000,0.37980000,0.37980000,0.37980000,0.00000000,1746787559999,0.00000000,0,0.00000000,0.00000000,0
2025-05-09 10:46:00,0.37980000,0.37980000,0.37980000,0.37980000,0.00000000,1746787619999,0.00000000,0,0.00000000,0.00000000,0
2025-05-09 10:47:00,0.37980000,0.37980000,0.37980000,0.37980000,0.00000000,1746787679999,0.00000000,0,0.00000000,0.00000000,0
2025-05-09 10:48:00,0.37980000,0.37980000,0.37980000,0.37980000,0.00000000,1746787739999,0.00000000,0,0.00000000,0.00000000,0
2025-05-09 10:49:00,0.37980000,0.37980000,0.37980000,0.37980000,0.00000000,1746787799999,0.00000000,0,0.00000000,0.00000000,0
2025-05-09 10:50:00,0.37980000,0.37980000,0.37980000,0.37980000,0.00000000,1746787859999,0.00000000,0,0.00000000,0.00000000,0
2025-05-09 10:51:00,0.37980000,0.37980000,0.37980000,0.37980000,0.00000000,1746787919999,0.00000000,0,0.00000000,0.00000000,0
2025-05-09 10:52:00,0.37980000,0.37980000,0.37980000,0.37980000,0.00000000,1746787979999,0.00000000,0,0.00000000,0.00000000,0
2025-05-09 10:53:00,0.37980000,0.37980000,0.37980000,0.37980000,0.00000000,1746788039999,0.00000000,0,0.00000000,0.00000000,0
2025-05-09 10:54:00,0.37980000,0.37980000,0.37980000,0.37980000,0.00000000,1746788099999,0.00000000,0,0.00000000,0.00000000,0
2025-05-09 10:55:00,0.37980000,0.37980000,0.37980000,0.37980000,0.00000000,1746788159999,0.00000000,0,0.00000000,0.00000000,0
2025-05-09 10:56:00,0.37980000,0.37980000,0.37980000,0.37980000,0.00000000,1746788219999,0.00000000,0,0.00000000,0.00000000,0
2025-05-09 10:57:00,0.37980000,0.37980000,0.37980000,0.37980000,0.00000000,1746788279999,0.00000000,0,0.00000000,0.00000000,0
2025-05-09 10:58:00,0.37980000,0.37980000,0.37980000,0.37980000,0.00000000,1746788339999,0.00000000,0,0.00000000,0.00000000,0
2025-05-09 10:59:00,0.37980000,0.37980000,0.37980000,0.37980000,0.00000000,1746788399999,0.00000000,0,0.00000000,0.00000000,0
2025-05-09 11:00:00,0.37980000,0.37980000,0.37980000,0.37980000,0.00000000,1746788459999,0.00000000,0,0.00000000,0.00000000,0
2025-05-09 11:01:00,0.37980000,0.37980000,0.37980000,0.37980000,0.00000000,1746788519999,0.00000000,0,0.00000000,0.00000000,0
2025-05-09 11:02:00,0.37980000,0.37980000,0.37980000,0.37980000,0.00000000,1746788579999,0.00000000,0,0.00000000,0.00000000,0
2025-05-09 11:03:00,0.37980000,0.37980000,0.37980000,0.37980000,0.00000000,1746788639999,0.00000000,0,0.00000000,0.00000000,0
2025-05-09 11:04:00,0.37980000,0.37980000,0.37980000,0.37980000,0.00000000,1746788699999,0.00000000,0,0.00000000,0.00000000,0
2025-05-09 11:05:00,0.37980000,0.37980000,0.37980000,0.37980000,0.00000000,1746788759999,0.00000000,0,0.00000000,0.00000000,0
2025-05-09 11:06:00,0.37980000,0.37980000,0.37980000,0.37980000,0.00000000,1746788819999,0.00000000,0,0.00000000,0.00000000,0
2025-05-09 11:07:00,0.37980000,0.37980000,0.37980000,0.37980000,0.00000000,1746788879999,0.00000000,0,0.00000000,0.00000000,0
2025-05-09 11:08:00,0.37980000,0.37980000,0.37980000,0.37980000,0.00000000,1746788939999,0.00000000,0,0.00000000,0.00000000,0
2025-05-09 11:09:00,0.37980000,0.37980000,0.37980000,0.37980000,0.00000000,1746788999999,0.00000000,0,0.00000000,0.00000000,0
2025-05-09 11:10:00,0.37980000,0.37980000,0.37980000,0.37980000,0.00000000,1746789059999,0.00000000,0,0.00000000,0.00000000,0
2025-05-09 11:11:00,0.37980000,0.37980000,0.37980000,0.37980000,0.00000000,1746789119999,0.00000000,0,0.00000000,0.00000000,0
2025-05-09 11:12:00,0.37980000,0.37980000,0.37980000,0.37980000,0.00000000,1746789179999,0.00000000,0,0.00000000,0.00000000,0
2025-05-09 11:13:00,0.37980000,0.37980000,0.37980000,0.37980000,0.00000000,1746789239999,0.00000000,0,0.00000000,0.00000000,0
2025-05-09 11:14:00,0.37980000,0.37980000,0.37980000,0.37980000,0.00000000,1746789299999,0.00000000,0,0.00000000,0.00000000,0
2025-05-09 11:15:00,0.37980000,0.37980000,0.37980000,0.37980000,0.00000000,1746789359999,0.00000000,0,0.00000000,0.00000000,0
2025-05-09 11:16:00,0.37980000,0.37980000,0.37980000,0.37980000,0.00000000,1746789419999,0.00000000,0,0.00000000,0.00000000,0
2025-05-09 11:17:00,0.37980000,0.37980000,0.37980000,0.37980000,0.00000000,1746789479999,0.00000000,0,0.00000000,0.00000000,0
2025-05-09 11:18:00,0.37980000,0.37980000,0.37980000,0.37980000,0.00000000,1746789539999,0.00000000,0,0.00000000,0.00000000,0
2025-05-09 11:19:00,0.38280000,0.38280000,0.38280000,0.38280000,9.40000000,1746789599999,3.59832000,1,9.40000000,3.59832000,0
2025-05-09 11:20:00,0.38280000,0.38280000,0.38280000,0.38280000,0.00000000,1746789659999,0.00000000,0,0.00000000,0.00000000,0
2025-05-09 11:21:00,0.38280000,0.38280000,0.38280000,0.38280000,0.00000000,1746789719999,0.00000000,0,0.00000000,0.00000000,0
2025-05-09 11:22:00,0.38280000,0.38280000,0.38280000,0.38280000,0.00000000,1746789779999,0.00000000,0,0.00000000,0.00000000,0
2025-05-09 11:23:00,0.38330000,0.38330000,0.38330000,0.38330000,7.30000000,1746789839999,2.79809000,1,7.30000000,2.79809000,0
2025-05-09 11:24:00,0.38330000,0.38330000,0.38330000,0.38330000,0.00000000,1746789899999,0.00000000,0,0.00000000,0.00000000,0
2025-05-09 11:25:00,0.38330000,0.38330000,0.38330000,0.38330000,0.00000000,1746789959999,0.00000000,0,0.00000000,0.00000000,0
2025-05-09 11:26:00,0.38330000,0.38330000,0.38330000,0.38330000,0.00000000,1746790019999,0.00000000,0,0.00000000,0.00000000,0
2025-05-09 11:27:00,0.38330000,0.38330000,0.38330000,0.38330000,0.00000000,1746790079999,0.00000000,0,0.00000000,0.00000000,0
2025-05-09 11:28:00,0.38330000,0.38330000,0.38330000,0.38330000,0.00000000,1746790139999,0.00000000,0,0.00000000,0.00000000,0
2025-05-09 11:29:00,0.38330000,0.38330000,0.38330000,0.38330000,0.00000000,1746790199999,0.00000000,0,0.00000000,0.00000000,0
2025-05-09 11:30:00,0.38330000,0.38330000,0.38330000,0.38330000,0.00000000,1746790259999,0.00000000,0,0.00000000,0.00000000,0
2025-05-09 11:31:00,0.38330000,0.38330000,0.38330000,0.38330000,0.00000000,1746790319999,0.00000000,0,0.00000000,0.00000000,0
2025-05-09 11:32:00,0.38330000,0.38330000,0.38330000,0.38330000,0.00000000,1746790379999,0.00000000,0,0.00000000,0.00000000,0
2025-05-09 11:33:00,0.38330000,0.38330000,0.38330000,0.38330000,0.00000000,1746790439999,0.00000000,0,0.00000000,0.00000000,0
2025-05-09 11:34:00,0.38330000,0.38330000,0.38330000,0.38330000,0.00000000,1746790499999,0.00000000,0,0.00000000,0.00000000,0
2025-05-09 11:35:00,0.38330000,0.38330000,0.38330000,0.38330000,0.00000000,1746790559999,0.00000000,0,0.00000000,0.00000000,0
2025-05-09 11:36:00,0.38330000,0.38330000,0.38330000,0.38330000,0.00000000,1746790619999,0.00000000,0,0.00000000,0.00000000,0
2025-05-09 11:37:00,0.38330000,0.38330000,0.38330000,0.38330000,0.00000000,1746790679999,0.00000000,0,0.00000000,0.00000000,0
2025-05-09 11:38:00,0.38330000,0.38330000,0.38330000,0.38330000,0.00000000,1746790739999,0.00000000,0,0.00000000,0.00000000,0
2025-05-09 11:39:00,0.38330000,0.38330000,0.38330000,0.38330000,0.00000000,1746790799999,0.00000000,0,0.00000000,0.00000000,0
2025-05-09 11:40:00,0.38330000,0.38330000,0.38330000,0.38330000,0.00000000,1746790859999,0.00000000,0,0.00000000,0.00000000,0
2025-05-09 11:41:00,0.38330000,0.38330000,0.38330000,0.38330000,0.00000000,1746790919999,0.00000000,0,0.00000000,0.00000000,0
2025-05-09 11:42:00,0.38330000,0.38330000,0.38330000,0.38330000,0.00000000,1746790979999,0.00000000,0,0.00000000,0.00000000,0
2025-05-09 11:43:00,0.38330000,0.38330000,0.38330000,0.38330000,0.00000000,1746791039999,0.00000000,0,0.00000000,0.00000000,0
2025-05-09 11:44:00,0.38330000,0.38330000,0.38330000,0.38330000,0.00000000,1746791099999,0.00000000,0,0.00000000,0.00000000,0
2025-05-09 11:45:00,0.37980000,0.37980000,0.37980000,0.37980000,186.00000000,1746791159999,70.64280000,1,0.00000000,0.00000000,0
2025-05-09 11:46:00,0.37980000,0.37980000,0.37980000,0.37980000,0.00000000,1746791219999,0.00000000,0,0.00000000,0.00000000,0
2025-05-09 11:47:00,0.37980000,0.37980000,0.37980000,0.37980000,0.00000000,1746791279999,0.00000000,0,0.00000000,0.00000000,0
2025-05-09 11:48:00,0.37980000,0.37980000,0.37980000,0.37980000,0.00000000,1746791339999,0.00000000,0,0.00000000,0.00000000,0
2025-05-09 11:49:00,0.37980000,0.37980000,0.37980000,0.37980000,0.00000000,1746791399999,0.00000000,0,0.00000000,0.00000000,0
2025-05-09 11:50:00,0.37980000,0.37980000,0.37980000,0.37980000,0.00000000,1746791459999,0.00000000,0,0.00000000,0.00000000,0
2025-05-09 11:51:00,0.37980000,0.37980000,0.37980000,0.37980000,0.00000000,1746791519999,0.00000000,0,0.00000000,0.00000000,0
2025-05-09 11:52:00,0.37980000,0.37980000,0.37980000,0.37980000,0.00000000,1746791579999,0.00000000,0,0.00000000,0.00000000,0
2025-05-09 11:53:00,0.37980000,0.37980000,0.37980000,0.37980000,0.00000000,1746791639999,0.00000000,0,0.00000000,0.00000000,0
2025-05-09 11:54:00,0.37980000,0.37980000,0.37980000,0.37980000,0.00000000,1746791699999,0.00000000,0,0.00000000,0.00000000,0
2025-05-09 11:55:00,0.37980000,0.37980000,0.37980000,0.37980000,0.00000000,1746791759999,0.00000000,0,0.00000000,0.00000000,0
2025-05-09 11:56:00,0.37980000,0.37980000,0.37980000,0.37980000,0.00000000,1746791819999,0.00000000,0,0.00000000,0.00000000,0
2025-05-09 11:57:00,0.37980000,0.37980000,0.37980000,0.37980000,0.00000000,1746791879999,0.00000000,0,0.00000000,0.00000000,0
2025-05-09 11:58:00,0.37980000,0.37980000,0.37980000,0.37980000,0.00000000,1746791939999,0.00000000,0,0.00000000,0.00000000,0
2025-05-09 11:59:00,0.37980000,0.37980000,0.37980000,0.37980000,0.00000000,1746791999999,0.00000000,0,0.00000000,0.00000000,0
2025-05-09 12:00:00,0.37980000,0.37980000,0.37980000,0.37980000,0.00000000,1746792059999,0.00000000,0,0.00000000,0.00000000,0
2025-05-09 12:01:00,0.37980000,0.37980000,0.37980000,0.37980000,0.00000000,1746792119999,0.00000000,0,0.00000000,0.00000000,0
2025-05-09 12:02:00,0.37980000,0.37980000,0.37980000,0.37980000,0.00000000,1746792179999,0.00000000,0,0.00000000,0.00000000,0
2025-05-09 12:03:00,0.37980000,0.37980000,0.37980000,0.37980000,0.00000000,1746792239999,0.00000000,0,0.00000000,0.00000000,0
2025-05-09 12:04:00,0.37980000,0.37980000,0.37980000,0.37980000,0.00000000,1746792299999,0.00000000,0,0.00000000,0.00000000,0
2025-05-09 12:05:00,0.37980000,0.37980000,0.37980000,0.37980000,0.00000000,1746792359999,0.00000000,0,0.00000000,0.00000000,0
2025-05-09 12:06:00,0.37980000,0.37980000,0.37980000,0.37980000,0.00000000,1746792419999,0.00000000,0,0.00000000,0.00000000,0
2025-05-09 12:07:00,0.37980000,0.37980000,0.37980000,0.37980000,0.00000000,1746792479999,0.00000000,0,0.00000000,0.00000000,0
2025-05-09 12:08:00,0.37980000,0.37980000,0.37980000,0.37980000,0.00000000,1746792539999,0.00000000,0,0.00000000,0.00000000,0
2025-05-09 12:09:00,0.37980000,0.37980000,0.37980000,0.37980000,0.00000000,1746792599999,0.00000000,0,0.00000000,0.00000000,0
2025-05-09 12:10:00,0.37980000,0.37980000,0.37980000,0.37980000,0.00000000,1746792659999,0.00000000,0,0.00000000,0.00000000,0
2025-05-09 12:11:00,0.37980000,0.37980000,0.37980000,0.37980000,0.00000000,1746792719999,0.00000000,0,0.00000000,0.00000000,0
2025-05-09 12:12:00,0.37980000,0.37980000,0.37980000,0.37980000,0.00000000,1746792779999,0.00000000,0,0.00000000,0.00000000,0
2025-05-09 12:13:00,0.37980000,0.37980000,0.37980000,0.37980000,0.00000000,1746792839999,0.00000000,0,0.00000000,0.00000000,0
2025-05-09 12:14:00,0.37980000,0.37980000,0.37980000,0.37980000,0.00000000,1746792899999,0.00000000,0,0.00000000,0.00000000,0
2025-05-09 12:15:00,0.37980000,0.37980000,0.37980000,0.37980000,0.00000000,1746792959999,0.00000000,0,0.00000000,0.00000000,0
2025-05-09 12:16:00,0.37980000,0.37980000,0.37980000,0.37980000,0.00000000,1746793019999,0.00000000,0,0.00000000,0.00000000,0
2025-05-09 12:17:00,0.37980000,0.37980000,0.37980000,0.37980000,0.00000000,1746793079999,0.00000000,0,0.00000000,0.00000000,0
2025-05-09 12:18:00,0.37980000,0.37980000,0.37980000,0.37980000,0.00000000,1746793139999,0.00000000,0,0.00000000,0.00000000,0
2025-05-09 12:19:00,0.37980000,0.37980000,0.37980000,0.37980000,0.00000000,1746793199999,0.00000000,0,0.00000000,0.00000000,0
2025-05-09 12:20:00,0.37980000,0.37980000,0.37980000,0.37980000,0.00000000,1746793259999,0.00000000,0,0.00000000,0.00000000,0
2025-05-09 12:21:00,0.37980000,0.37980000,0.37980000,0.37980000,0.00000000,1746793319999,0.00000000,0,0.00000000,0.00000000,0
2025-05-09 12:22:00,0.37980000,0.37980000,0.37980000,0.37980000,0.00000000,1746793379999,0.00000000,0,0.00000000,0.00000000,0
2025-05-09 12:23:00,0.37980000,0.37980000,0.37980000,0.37980000,0.00000000,1746793439999,0.00000000,0,0.00000000,0.00000000,0
2025-05-09 12:24:00,0.37980000,0.37980000,0.37980000,0.37980000,0.00000000,1746793499999,0.00000000,0,0.00000000,0.00000000,0
2025-05-09 12:25:00,0.37980000,0.37980000,0.37980000,0.37980000,0.00000000,1746793559999,0.00000000,0,0.00000000,0.00000000,0
2025-05-09 12:26:00,0.37980000,0.37980000,0.37980000,0.37980000,0.00000000,1746793619999,0.00000000,0,0.00000000,0.00000000,0
2025-05-09 12:27:00,0.37980000,0.37980000,0.37980000,0.37980000,0.00000000,1746793679999,0.00000000,0,0.00000000,0.00000000,0
2025-05-09 12:28:00,0.37980000,0.37980000,0.37980000,0.37980000,0.00000000,1746793739999,0.00000000,0,0.00000000,0.00000000,0
2025-05-09 12:29:00,0.37980000,0.37980000,0.37980000,0.37980000,0.00000000,1746793799999,0.00000000,0,0.00000000,0.00000000,0
2025-05-09 12:30:00,0.37980000,0.37980000,0.37980000,0.37980000,0.00000000,1746793859999,0.00000000,0,0.00000000,0.00000000,0
2025-05-09 12:31:00,0.37980000,0.37980000,0.37980000,0.37980000,0.00000000,1746793919999,0.00000000,0,0.00000000,0.00000000,0
2025-05-09 12:32:00,0.37980000,0.37980000,0.37980000,0.37980000,0.00000000,1746793979999,0.00000000,0,0.00000000,0.00000000,0
2025-05-09 12:33:00,0.37980000,0.37980000,0.37980000,0.37980000,0.00000000,1746794039999,0.00000000,0,0.00000000,0.00000000,0
2025-05-09 12:34:00,0.37980000,0.37980000,0.37980000,0.37980000,0.00000000,1746794099999,0.00000000,0,0.00000000,0.00000000,0
2025-05-09 12:35:00,0.37980000,0.37980000,0.37980000,0.37980000,0.00000000,1746794159999,0.00000000,0,0.00000000,0.00000000,0
2025-05-09 12:36:00,0.37980000,0.37980000,0.37980000,0.37980000,0.00000000,1746794219999,0.00000000,0,0.00000000,0.00000000,0
2025-05-09 12:37:00,0.37980000,0.37980000,0.37980000,0.37980000,0.00000000,1746794279999,0.00000000,0,0.00000000,0.00000000,0
2025-05-09 12:38:00,0.37980000,0.37980000,0.37980000,0.37980000,0.00000000,1746794339999,0.00000000,0,0.00000000,0.00000000,0
2025-05-09 12:39:00,0.37980000,0.37980000,0.37980000,0.37980000,0.00000000,1746794399999,0.00000000,0,0.00000000,0.00000000,0
2025-05-09 12:40:00,0.37980000,0.37980000,0.37980000,0.37980000,0.00000000,1746794459999,0.00000000,0,0.00000000,0.00000000,0
2025-05-09 12:41:00,0.37980000,0.37980000,0.37980000,0.37980000,0.00000000,1746794519999,0.00000000,0,0.00000000,0.00000000,0
2025-05-09 12:42:00,0.37980000,0.37980000,0.37980000,0.37980000,0.00000000,1746794579999,0.00000000,0,0.00000000,0.00000000,0
2025-05-09 12:43:00,0.37980000,0.37980000,0.37980000,0.37980000,0.00000000,1746794639999,0.00000000,0,0.00000000,0.00000000,0
2025-05-09 12:44:00,0.37980000,0.37980000,0.37980000,0.37980000,0.00000000,1746794699999,0.00000000,0,0.00000000,0.00000000,0
2025-05-09 12:45:00,0.37980000,0.37980000,0.37980000,0.37980000,0.00000000,1746794759999,0.00000000,0,0.00000000,0.00000000,0
2025-05-09 12:46:00,0.37980000,0.37980000,0.37980000,0.37980000,0.00000000,1746794819999,0.00000000,0,0.00000000,0.00000000,0
2025-05-09 12:47:00,0.37980000,0.37980000,0.37980000,0.37980000,0.00000000,1746794879999,0.00000000,0,0.00000000,0.00000000,0
2025-05-09 12:48:00,0.37980000,0.37980000,0.37980000,0.37980000,0.00000000,1746794939999,0.00000000,0,0.00000000,0.00000000,0
2025-05-09 12:49:00,0.37980000,0.37980000,0.37980000,0.37980000,0.00000000,1746794999999,0.00000000,0,0.00000000,0.00000000,0
2025-05-09 12:50:00,0.37980000,0.37980000,0.37980000,0.37980000,0.00000000,1746795059999,0.00000000,0,0.00000000,0.00000000,0
2025-05-09 12:51:00,0.37980000,0.37980000,0.37980000,0.37980000,0.00000000,1746795119999,0.00000000,0,0.00000000,0.00000000,0
2025-05-09 12:52:00,0.37980000,0.37980000,0.37980000,0.37980000,0.00000000,1746795179999,0.00000000,0,0.00000000,0.00000000,0
2025-05-09 12:53:00,0.37980000,0.37980000,0.37980000,0.37980000,0.00000000,1746795239999,0.00000000,0,0.00000000,0.00000000,0
2025-05-09 12:54:00,0.37980000,0.37980000,0.37980000,0.37980000,0.00000000,1746795299999,0.00000000,0,0.00000000,0.00000000,0
2025-05-09 12:55:00,0.37980000,0.37980000,0.37980000,0.37980000,0.00000000,1746795359999,0.00000000,0,0.00000000,0.00000000,0
2025-05-09 12:56:00,0.37980000,0.37980000,0.37980000,0.37980000,0.00000000,1746795419999,0.00000000,0,0.00000000,0.00000000,0
2025-05-09 12:57:00,0.37980000,0.37980000,0.37980000,0.37980000,0.00000000,1746795479999,0.00000000,0,0.00000000,0.00000000,0
2025-05-09 12:58:00,0.37980000,0.37980000,0.37980000,0.37980000,0.00000000,1746795539999,0.00000000,0,0.00000000,0.00000000,0
2025-05-09 12:59:00,0.37980000,0.37980000,0.37980000,0.37980000,0.00000000,1746795599999,0.00000000,0,0.00000000,0.00000000,0
2025-05-09 13:00:00,0.37980000,0.37980000,0.37980000,0.37980000,0.00000000,1746795659999,0.00000000,0,0.00000000,0.00000000,0
2025-05-09 13:01:00,0.38130000,0.38130000,0.38130000,0.38130000,7.90000000,1746795719999,3.01227000,1,7.90000000,3.01227000,0
2025-05-09 13:02:00,0.38130000,0.38130000,0.38130000,0.38130000,0.00000000,1746795779999,0.00000000,0,0.00000000,0.00000000,0
2025-05-09 13:03:00,0.38130000,0.38130000,0.38130000,0.38130000,0.00000000,1746795839999,0.00000000,0,0.00000000,0.00000000,0
2025-05-09 13:04:00,0.38130000,0.38130000,0.38130000,0.38130000,0.00000000,1746795899999,0.00000000,0,0.00000000,0.00000000,0
2025-05-09 13:05:00,0.38130000,0.38130000,0.38130000,0.38130000,0.00000000,1746795959999,0.00000000,0,0.00000000,0.00000000,0
2025-05-09 13:06:00,0.38130000,0.38130000,0.38130000,0.38130000,0.00000000,1746796019999,0.00000000,0,0.00000000,0.00000000,0
2025-05-09 13:07:00,0.38130000,0.38130000,0.38130000,0.38130000,0.00000000,1746796079999,0.00000000,0,0.00000000,0.00000000,0
2025-05-09 13:08:00,0.38130000,0.38130000,0.38130000,0.38130000,0.00000000,1746796139999,0.00000000,0,0.00000000,0.00000000,0
2025-05-09 13:09:00,0.38130000,0.38130000,0.38130000,0.38130000,0.00000000,1746796199999,0.00000000,0,0.00000000,0.00000000,0
2025-05-09 13:10:00,0.38130000,0.38130000,0.38130000,0.38130000,0.00000000,1746796259999,0.00000000,0,0.00000000,0.00000000,0
2025-05-09 13:11:00,0.38130000,0.38130000,0.38130000,0.38130000,0.00000000,1746796319999,0.00000000,0,0.00000000,0.00000000,0
2025-05-09 13:12:00,0.38130000,0.38130000,0.38130000,0.38130000,0.00000000,1746796379999,0.00000000,0,0.00000000,0.00000000,0
2025-05-09 13:13:00,0.38130000,0.38130000,0.38130000,0.38130000,0.00000000,1746796439999,0.00000000,0,0.00000000,0.00000000,0
2025-05-09 13:14:00,0.38130000,0.38130000,0.38130000,0.38130000,0.00000000,1746796499999,0.00000000,0,0.00000000,0.00000000,0
2025-05-09 13:15:00,0.38130000,0.38130000,0.38130000,0.38130000,0.00000000,1746796559999,0.00000000,0,0.00000000,0.00000000,0
2025-05-09 13:16:00,0.38130000,0.38130000,0.38130000,0.38130000,0.00000000,1746796619999,0.00000000,0,0.00000000,0.00000000,0
2025-05-09 13:17:00,0.38130000,0.38130000,0.38130000,0.38130000,0.00000000,1746796679999,0.00000000,0,0.00000000,0.00000000,0
2025-05-09 13:18:00,0.38130000,0.38130000,0.38130000,0.38130000,0.00000000,1746796739999,0.00000000,0,0.00000000,0.00000000,0
2025-05-09 13:19:00,0.38130000,0.38130000,0.38130000,0.38130000,0.00000000,1746796799999,0.00000000,0,0.00000000,0.00000000,0
2025-05-09 13:20:00,0.38130000,0.38130000,0.38130000,0.38130000,0.00000000,1746796859999,0.00000000,0,0.00000000,0.00000000,0
2025-05-09 13:21:00,0.38130000,0.38130000,0.38130000,0.38130000,0.00000000,1746796919999,0.00000000,0,0.00000000,0.00000000,0
2025-05-09 13:22:00,0.38130000,0.38130000,0.38130000,0.38130000,0.00000000,1746796979999,0.00000000,0,0.00000000,0.00000000,0
2025-05-09 13:23:00,0.38130000,0.38130000,0.38130000,0.38130000,0.00000000,1746797039999,0.00000000,0,0.00000000,0.00000000,0
2025-05-09 13:24:00,0.38130000,0.38130000,0.38130000,0.38130000,0.00000000,1746797099999,0.00000000,0,0.00000000,0.00000000,0
2025-05-09 13:25:00,0.38130000,0.38130000,0.38130000,0.38130000,0.00000000,1746797159999,0.00000000,0,0.00000000,0.00000000,0
2025-05-09 13:26:00,0.38130000,0.38130000,0.38130000,0.38130000,0.00000000,1746797219999,0.00000000,0,0.00000000,0.00000000,0
2025-05-09 13:27:00,0.38130000,0.38130000,0.38130000,0.38130000,0.00000000,1746797279999,0.00000000,0,0.00000000,0.00000000,0
2025-05-09 13:28:00,0.38130000,0.38130000,0.38130000,0.38130000,0.00000000,1746797339999,0.00000000,0,0.00000000,0.00000000,0
2025-05-09 13:29:00,0.38130000,0.38130000,0.38130000,0.38130000,0.00000000,1746797399999,0.00000000,0,0.00000000,0.00000000,0
2025-05-09 13:30:00,0.38130000,0.38130000,0.38130000,0.38130000,0.00000000,1746797459999,0.00000000,0,0.00000000,0.00000000,0
2025-05-09 13:31:00,0.38130000,0.38130000,0.38130000,0.38130000,0.00000000,1746797519999,0.00000000,0,0.00000000,0.00000000,0
2025-05-09 13:32:00,0.38130000,0.38130000,0.38130000,0.38130000,0.00000000,1746797579999,0.00000000,0,0.00000000,0.00000000,0
2025-05-09 13:33:00,0.38130000,0.38130000,0.38130000,0.38130000,0.00000000,1746797639999,0.00000000,0,0.00000000,0.00000000,0
2025-05-09 13:34:00,0.38130000,0.38130000,0.38130000,0.38130000,0.00000000,1746797699999,0.00000000,0,0.00000000,0.00000000,0
2025-05-09 13:35:00,0.38130000,0.38130000,0.38130000,0.38130000,0.00000000,1746797759999,0.00000000,0,0.00000000,0.00000000,0
2025-05-09 13:36:00,0.38130000,0.38130000,0.38130000,0.38130000,0.00000000,1746797819999,0.00000000,0,0.00000000,0.00000000,0
2025-05-09 13:37:00,0.38130000,0.38130000,0.38130000,0.38130000,0.00000000,1746797879999,0.00000000,0,0.00000000,0.00000000,0
2025-05-09 13:38:00,0.38130000,0.38130000,0.38130000,0.38130000,0.00000000,1746797939999,0.00000000,0,0.00000000,0.00000000,0
2025-05-09 13:39:00,0.38130000,0.38130000,0.38130000,0.38130000,0.00000000,1746797999999,0.00000000,0,0.00000000,0.00000000,0
2025-05-09 13:40:00,0.38130000,0.38130000,0.38130000,0.38130000,0.00000000,1746798059999,0.00000000,0,0.00000000,0.00000000,0
2025-05-09 13:41:00,0.38130000,0.38130000,0.38130000,0.38130000,0.00000000,1746798119999,0.00000000,0,0.00000000,0.00000000,0
2025-05-09 13:42:00,0.38130000,0.38130000,0.38130000,0.38130000,0.00000000,1746798179999,0.00000000,0,0.00000000,0.00000000,0
2025-05-09 13:43:00,0.38130000,0.38130000,0.38130000,0.38130000,0.00000000,1746798239999,0.00000000,0,0.00000000,0.00000000,0
2025-05-09 13:44:00,0.38130000,0.38130000,0.38130000,0.38130000,0.00000000,1746798299999,0.00000000,0,0.00000000,0.00000000,0
2025-05-09 13:45:00,0.38130000,0.38130000,0.38130000,0.38130000,0.00000000,1746798359999,0.00000000,0,0.00000000,0.00000000,0
2025-05-09 13:46:00,0.38130000,0.38130000,0.38130000,0.38130000,0.00000000,1746798419999,0.00000000,0,0.00000000,0.00000000,0
2025-05-09 13:47:00,0.38130000,0.38130000,0.38130000,0.38130000,0.00000000,1746798479999,0.00000000,0,0.00000000,0.00000000,0
2025-05-09 13:48:00,0.38130000,0.38130000,0.38130000,0.38130000,0.00000000,1746798539999,0.00000000,0,0.00000000,0.00000000,0
2025-05-09 13:49:00,0.38390000,0.38390000,0.38390000,0.38390000,7.90000000,1746798599999,3.03281000,1,7.90000000,3.03281000,0
2025-05-09 13:50:00,0.38390000,0.38390000,0.38390000,0.38390000,0.00000000,1746798659999,0.00000000,0,0.00000000,0.00000000,0
2025-05-09 13:51:00,0.38390000,0.38390000,0.38390000,0.38390000,0.00000000,1746798719999,0.00000000,0,0.00000000,0.00000000,0
2025-05-09 13:52:00,0.38390000,0.38390000,0.38390000,0.38390000,0.00000000,1746798779999,0.00000000,0,0.00000000,0.00000000,0
2025-05-09 13:53:00,0.38390000,0.38390000,0.38390000,0.38390000,0.00000000,1746798839999,0.00000000,0,0.00000000,0.00000000,0
2025-05-09 13:54:00,0.38390000,0.38390000,0.38390000,0.38390000,0.00000000,1746798899999,0.00000000,0,0.00000000,0.00000000,0
2025-05-09 13:55:00,0.38390000,0.38390000,0.38390000,0.38390000,0.00000000,1746798959999,0.00000000,0,0.00000000,0.00000000,0
2025-05-09 13:56:00,0.38390000,0.38390000,0.38390000,0.38390000,0.00000000,1746799019999,0.00000000,0,0.00000000,0.00000000,0
2025-05-09 13:57:00,0.38390000,0.38390000,0.38390000,0.38390000,0.00000000,1746799079999,0.00000000,0,0.00000000,0.00000000,0
2025-05-09 13:58:00,0.38390000,0.38390000,0.38390000,0.38390000,0.00000000,1746799139999,0.00000000,0,0.00000000,0.00000000,0
2025-05-09 13:59:00,0.38390000,0.38390000,0.38390000,0.38390000,0.00000000,1746799199999,0.00000000,0,0.00000000,0.00000000,0
2025-05-09 14:00:00,0.38390000,0.38390000,0.38390000,0.38390000,0.00000000,1746799259999,0.00000000,0,0.00000000,0.00000000,0
2025-05-09 14:01:00,0.38390000,0.38390000,0.38390000,0.38390000,0.00000000,1746799319999,0.00000000,0,0.00000000,0.00000000,0
2025-05-09 14:02:00,0.38390000,0.38390000,0.38390000,0.38390000,0.00000000,1746799379999,0.00000000,0,0.00000000,0.00000000,0
2025-05-09 14:03:00,0.38390000,0.38390000,0.38390000,0.38390000,0.00000000,1746799439999,0.00000000,0,0.00000000,0.00000000,0
2025-05-09 14:04:00,0.38390000,0.38390000,0.38390000,0.38390000,0.00000000,1746799499999,0.00000000,0,0.00000000,0.00000000,0
2025-05-09 14:05:00,0.38390000,0.38390000,0.38390000,0.38390000,0.00000000,1746799559999,0.00000000,0,0.00000000,0.00000000,0
2025-05-09 14:06:00,0.38390000,0.38390000,0.38390000,0.38390000,0.00000000,1746799619999,0.00000000,0,0.00000000,0.00000000,0
2025-05-09 14:07:00,0.38390000,0.38390000,0.38390000,0.38390000,0.00000000,1746799679999,0.00000000,0,0.00000000,0.00000000,0
2025-05-09 14:08:00,0.38390000,0.38390000,0.38390000,0.38390000,0.00000000,1746799739999,0.00000000,0,0.00000000,0.00000000,0
2025-05-09 14:09:00,0.38390000,0.38390000,0.38390000,0.38390000,0.00000000,1746799799999,0.00000000,0,0.00000000,0.00000000,0
2025-05-09 14:10:00,0.38390000,0.38390000,0.38390000,0.38390000,0.00000000,1746799859999,0.00000000,0,0.00000000,0.00000000,0
2025-05-09 14:11:00,0.38390000,0.38390000,0.38390000,0.38390000,0.00000000,1746799919999,0.00000000,0,0.00000000,0.00000000,0
2025-05-09 14:12:00,0.38390000,0.38390000,0.38390000,0.38390000,0.00000000,1746799979999,0.00000000,0,0.00000000,0.00000000,0
2025-05-09 14:13:00,0.38390000,0.38390000,0.38390000,0.38390000,0.00000000,1746800039999,0.00000000,0,0.00000000,0.00000000,0
2025-05-09 14:14:00,0.38390000,0.38390000,0.38390000,0.38390000,0.00000000,1746800099999,0.00000000,0,0.00000000,0.00000000,0
2025-05-09 14:15:00,0.38390000,0.38390000,0.38390000,0.38390000,0.00000000,1746800159999,0.00000000,0,0.00000000,0.00000000,0
2025-05-09 14:16:00,0.38390000,0.38390000,0.38390000,0.38390000,0.00000000,1746800219999,0.00000000,0,0.00000000,0.00000000,0
2025-05-09 14:17:00,0.38390000,0.38390000,0.38390000,0.38390000,0.00000000,1746800279999,0.00000000,0,0.00000000,0.00000000,0
2025-05-09 14:18:00,0.38390000,0.38390000,0.38390000,0.38390000,0.00000000,1746800339999,0.00000000,0,0.00000000,0.00000000,0
2025-05-09 14:19:00,0.38390000,0.38390000,0.38390000,0.38390000,0.00000000,1746800399999,0.00000000,0,0.00000000,0.00000000,0
2025-05-09 14:20:00,0.38100000,0.38100000,0.38100000,0.38100000,588.20000000,1746800459999,224.10420000,1,588.20000000,224.10420000,0
2025-05-09 14:21:00,0.38100000,0.38100000,0.38100000,0.38100000,0.00000000,1746800519999,0.00000000,0,0.00000000,0.00000000,0
2025-05-09 14:22:00,0.38100000,0.38100000,0.38100000,0.38100000,0.00000000,1746800579999,0.00000000,0,0.00000000,0.00000000,0
2025-05-09 14:23:00,0.38100000,0.38100000,0.38100000,0.38100000,0.00000000,1746800639999,0.00000000,0,0.00000000,0.00000000,0
2025-05-09 14:24:00,0.38100000,0.38100000,0.38100000,0.38100000,0.00000000,1746800699999,0.00000000,0,0.00000000,0.00000000,0
2025-05-09 14:25:00,0.38100000,0.38100000,0.38100000,0.38100000,0.00000000,1746800759999,0.00000000,0,0.00000000,0.00000000,0
2025-05-09 14:26:00,0.38100000,0.38100000,0.38100000,0.38100000,0.00000000,1746800819999,0.00000000,0,0.00000000,0.00000000,0
2025-05-09 14:27:00,0.38100000,0.38100000,0.38100000,0.38100000,0.00000000,1746800879999,0.00000000,0,0.00000000,0.00000000,0
2025-05-09 14:28:00,0.38100000,0.38100000,0.38100000,0.38100000,0.00000000,1746800939999,0.00000000,0,0.00000000,0.00000000,0
2025-05-09 14:29:00,0.38100000,0.38100000,0.38100000,0.38100000,0.00000000,1746800999999,0.00000000,0,0.00000000,0.00000000,0
2025-05-09 14:30:00,0.38100000,0.38100000,0.38100000,0.38100000,0.00000000,1746801059999,0.00000000,0,0.00000000,0.00000000,0
2025-05-09 14:31:00,0.38100000,0.38100000,0.38100000,0.38100000,0.00000000,1746801119999,0.00000000,0,0.00000000,0.00000000,0
2025-05-09 14:32:00,0.38100000,0.38100000,0.38100000,0.38100000,0.00000000,1746801179999,0.00000000,0,0.00000000,0.00000000,0
2025-05-09 14:33:00,0.38100000,0.38100000,0.38100000,0.38100000,0.00000000,1746801239999,0.00000000,0,0.00000000,0.00000000,0
2025-05-09 14:34:00,0.38100000,0.38100000,0.38100000,0.38100000,0.00000000,1746801299999,0.00000000,0,0.00000000,0.00000000,0
2025-05-09 14:35:00,0.38100000,0.38100000,0.38100000,0.38100000,0.00000000,1746801359999,0.00000000,0,0.00000000,0.00000000,0
2025-05-09 14:36:00,0.38100000,0.38100000,0.38100000,0.38100000,0.00000000,1746801419999,0.00000000,0,0.00000000,0.00000000,0
2025-05-09 14:37:00,0.37690000,0.37690000,0.37340000,0.37340000,33.50000000,1746801479999,12.57205000,4,0.00000000,0.00000000,0
2025-05-09 14:38:00,0.37340000,0.37340000,0.37340000,0.37340000,0.00000000,1746801539999,0.00000000,0,0.00000000,0.00000000,0
2025-05-09 14:39:00,0.37340000,0.37340000,0.37340000,0.37340000,0.00000000,1746801599999,0.00000000,0,0.00000000,0.00000000,0
2025-05-09 14:40:00,0.37210000,0.37210000,0.37210000,0.37210000,78.20000000,1746801659999,29.09822000,1,0.00000000,0.00000000,0
2025-05-09 14:41:00,0.37210000,0.37210000,0.37210000,0.37210000,0.00000000,1746801719999,0.00000000,0,0.00000000,0.00000000,0
2025-05-09 14:42:00,0.37210000,0.37210000,0.37210000,0.37210000,0.00000000,1746801779999,0.00000000,0,0.00000000,0.00000000,0
2025-05-09 14:43:00,0.37210000,0.37210000,0.37210000,0.37210000,0.00000000,1746801839999,0.00000000,0,0.00000000,0.00000000,0
2025-05-09 14:44:00,0.37210000,0.37210000,0.37210000,0.37210000,0.00000000,1746801899999,0.00000000,0,0.00000000,0.00000000,0
2025-05-09 14:45:00,0.37210000,0.37210000,0.37210000,0.37210000,0.00000000,1746801959999,0.00000000,0,0.00000000,0.00000000,0
2025-05-09 14:46:00,0.37210000,0.37210000,0.37210000,0.37210000,0.00000000,1746802019999,0.00000000,0,0.00000000,0.00000000,0
2025-05-09 14:47:00,0.37210000,0.37210000,0.37210000,0.37210000,0.00000000,1746802079999,0.00000000,0,0.00000000,0.00000000,0
2025-05-09 14:48:00,0.37210000,0.37210000,0.37210000,0.37210000,0.00000000,1746802139999,0.00000000,0,0.00000000,0.00000000,0
2025-05-09 14:49:00,0.37210000,0.37210000,0.37210000,0.37210000,0.00000000,1746802199999,0.00000000,0,0.00000000,0.00000000,0
2025-05-09 14:50:00,0.37210000,0.37210000,0.37210000,0.37210000,0.00000000,1746802259999,0.00000000,0,0.00000000,0.00000000,0
2025-05-09 14:51:00,0.37210000,0.37210000,0.37210000,0.37210000,0.00000000,1746802319999,0.00000000,0,0.00000000,0.00000000,0
2025-05-09 14:52:00,0.37210000,0.37210000,0.37210000,0.37210000,0.00000000,1746802379999,0.00000000,0,0.00000000,0.00000000,0
2025-05-09 14:53:00,0.37210000,0.37210000,0.37210000,0.37210000,0.00000000,1746802439999,0.00000000,0,0.00000000,0.00000000,0
2025-05-09 14:54:00,0.37210000,0.37210000,0.37210000,0.37210000,0.00000000,1746802499999,0.00000000,0,0.00000000,0.00000000,0
2025-05-09 14:55:00,0.37210000,0.37210000,0.37210000,0.37210000,0.00000000,1746802559999,0.00000000,0,0.00000000,0.00000000,0
2025-05-09 14:56:00,0.37210000,0.37210000,0.37210000,0.37210000,0.00000000,1746802619999,0.00000000,0,0.00000000,0.00000000,0
2025-05-09 14:57:00,0.37210000,0.37210000,0.37210000,0.37210000,0.00000000,1746802679999,0.00000000,0,0.00000000,0.00000000,0
2025-05-09 14:58:00,0.37210000,0.37210000,0.37210000,0.37210000,0.00000000,1746802739999,0.00000000,0,0.00000000,0.00000000,0
2025-05-09 14:59:00,0.37210000,0.37210000,0.37210000,0.37210000,0.00000000,1746802799999,0.00000000,0,0.00000000,0.00000000,0
2025-05-09 15:00:00,0.37210000,0.37210000,0.37210000,0.37210000,0.00000000,1746802859999,0.00000000,0,0.00000000,0.00000000,0
2025-05-09 15:01:00,0.37210000,0.37210000,0.37210000,0.37210000,0.00000000,1746802919999,0.00000000,0,0.00000000,0.00000000,0
2025-05-09 15:02:00,0.37210000,0.37210000,0.37210000,0.37210000,0.00000000,1746802979999,0.00000000,0,0.00000000,0.00000000,0
2025-05-09 15:03:00,0.37210000,0.37210000,0.37210000,0.37210000,0.00000000,1746803039999,0.00000000,0,0.00000000,0.00000000,0
2025-05-09 15:04:00,0.37210000,0.37210000,0.37210000,0.37210000,0.00000000,1746803099999,0.00000000,0,0.00000000,0.00000000,0
2025-05-09 15:05:00,0.37210000,0.37210000,0.37210000,0.37210000,0.00000000,1746803159999,0.00000000,0,0.00000000,0.00000000,0
2025-05-09 15:06:00,0.37210000,0.37210000,0.37210000,0.37210000,0.00000000,1746803219999,0.00000000,0,0.00000000,0.00000000,0
2025-05-09 15:07:00,0.37210000,0.37210000,0.37210000,0.37210000,0.00000000,1746803279999,0.00000000,0,0.00000000,0.00000000,0
2025-05-09 15:08:00,0.37210000,0.37210000,0.37210000,0.37210000,0.00000000,1746803339999,0.00000000,0,0.00000000,0.00000000,0
2025-05-09 15:09:00,0.37210000,0.37210000,0.37210000,0.37210000,0.00000000,1746803399999,0.00000000,0,0.00000000,0.00000000,0
2025-05-09 15:10:00,0.37210000,0.37210000,0.37210000,0.37210000,0.00000000,1746803459999,0.00000000,0,0.00000000,0.00000000,0
2025-05-09 15:11:00,0.37210000,0.37210000,0.37210000,0.37210000,0.00000000,1746803519999,0.00000000,0,0.00000000,0.00000000,0
2025-05-09 15:12:00,0.37210000,0.37210000,0.37210000,0.37210000,0.00000000,1746803579999,0.00000000,0,0.00000000,0.00000000,0
2025-05-09 15:13:00,0.37210000,0.37210000,0.37210000,0.37210000,0.00000000,1746803639999,0.00000000,0,0.00000000,0.00000000,0
2025-05-09 15:14:00,0.37210000,0.37210000,0.37210000,0.37210000,0.00000000,1746803699999,0.00000000,0,0.00000000,0.00000000,0
2025-05-09 15:15:00,0.37210000,0.37210000,0.37210000,0.37210000,0.00000000,1746803759999,0.00000000,0,0.00000000,0.00000000,0
2025-05-09 15:16:00,0.37210000,0.37210000,0.37210000,0.37210000,0.00000000,1746803819999,0.00000000,0,0.00000000,0.00000000,0
2025-05-09 15:17:00,0.37210000,0.37210000,0.37210000,0.37210000,0.00000000,1746803879999,0.00000000,0,0.00000000,0.00000000,0
2025-05-09 15:18:00,0.37210000,0.37210000,0.37210000,0.37210000,0.00000000,1746803939999,0.00000000,0,0.00000000,0.00000000,0
2025-05-09 15:19:00,0.37210000,0.37210000,0.37210000,0.37210000,0.00000000,1746803999999,0.00000000,0,0.00000000,0.00000000,0
2025-05-09 15:20:00,0.37210000,0.37210000,0.37210000,0.37210000,0.00000000,1746804059999,0.00000000,0,0.00000000,0.00000000,0
2025-05-09 15:21:00,0.37210000,0.37210000,0.37210000,0.37210000,0.00000000,1746804119999,0.00000000,0,0.00000000,0.00000000,0
2025-05-09 15:22:00,0.37210000,0.37210000,0.37210000,0.37210000,0.00000000,1746804179999,0.00000000,0,0.00000000,0.00000000,0
2025-05-09 15:23:00,0.37210000,0.37210000,0.37210000,0.37210000,0.00000000,1746804239999,0.00000000,0,0.00000000,0.00000000,0
2025-05-09 15:24:00,0.37210000,0.37210000,0.37210000,0.37210000,0.00000000,1746804299999,0.00000000,0,0.00000000,0.00000000,0
2025-05-09 15:25:00,0.37210000,0.37210000,0.37210000,0.37210000,0.00000000,1746804359999,0.00000000,0,0.00000000,0.00000000,0
2025-05-09 15:26:00,0.37210000,0.37210000,0.37210000,0.37210000,0.00000000,1746804419999,0.00000000,0,0.00000000,0.00000000,0
2025-05-09 15:27:00,0.37210000,0.37210000,0.37210000,0.37210000,0.00000000,1746804479999,0.00000000,0,0.00000000,0.00000000,0
2025-05-09 15:28:00,0.37210000,0.37210000,0.37210000,0.37210000,0.00000000,1746804539999,0.00000000,0,0.00000000,0.00000000,0
2025-05-09 15:29:00,0.37210000,0.37210000,0.37210000,0.37210000,0.00000000,1746804599999,0.00000000,0,0.00000000,0.00000000,0
2025-05-09 15:30:00,0.37210000,0.37210000,0.37210000,0.37210000,0.00000000,1746804659999,0.00000000,0,0.00000000,0.00000000,0
2025-05-09 15:31:00,0.37210000,0.37210000,0.37210000,0.37210000,0.00000000,1746804719999,0.00000000,0,0.00000000,0.00000000,0
2025-05-09 15:32:00,0.37210000,0.37210000,0.37210000,0.37210000,0.00000000,1746804779999,0.00000000,0,0.00000000,0.00000000,0
2025-05-09 15:33:00,0.37210000,0.37210000,0.37210000,0.37210000,0.00000000,1746804839999,0.00000000,0,0.00000000,0.00000000,0
2025-05-09 15:34:00,0.37210000,0.37210000,0.37210000,0.37210000,0.00000000,1746804899999,0.00000000,0,0.00000000,0.00000000,0
2025-05-09 15:35:00,0.37210000,0.37210000,0.37210000,0.37210000,0.00000000,1746804959999,0.00000000,0,0.00000000,0.00000000,0
2025-05-09 15:36:00,0.37210000,0.37210000,0.37210000,0.37210000,0.00000000,1746805019999,0.00000000,0,0.00000000,0.00000000,0
2025-05-09 15:37:00,0.37210000,0.37210000,0.37210000,0.37210000,0.00000000,1746805079999,0.00000000,0,0.00000000,0.00000000,0
2025-05-09 15:38:00,0.37210000,0.37210000,0.37210000,0.37210000,0.00000000,1746805139999,0.00000000,0,0.00000000,0.00000000,0
2025-05-09 15:39:00,0.37210000,0.37210000,0.37210000,0.37210000,0.00000000,1746805199999,0.00000000,0,0.00000000,0.00000000,0
2025-05-09 15:40:00,0.37210000,0.37210000,0.37210000,0.37210000,0.00000000,1746805259999,0.00000000,0,0.00000000,0.00000000,0
2025-05-09 15:41:00,0.37210000,0.37210000,0.37210000,0.37210000,0.00000000,1746805319999,0.00000000,0,0.00000000,0.00000000,0
2025-05-09 15:42:00,0.37210000,0.37210000,0.37210000,0.37210000,0.00000000,1746805379999,0.00000000,0,0.00000000,0.00000000,0
2025-05-09 15:43:00,0.37210000,0.37210000,0.37210000,0.37210000,0.00000000,1746805439999,0.00000000,0,0.00000000,0.00000000,0
2025-05-09 15:44:00,0.37210000,0.37210000,0.37210000,0.37210000,0.00000000,1746805499999,0.00000000,0,0.00000000,0.00000000,0
2025-05-09 15:45:00,0.37210000,0.37210000,0.37210000,0.37210000,0.00000000,1746805559999,0.00000000,0,0.00000000,0.00000000,0
2025-05-09 15:46:00,0.37210000,0.37210000,0.37210000,0.37210000,0.00000000,1746805619999,0.00000000,0,0.00000000,0.00000000,0
2025-05-09 15:47:00,0.37210000,0.37210000,0.37210000,0.37210000,0.00000000,1746805679999,0.00000000,0,0.00000000,0.00000000,0
2025-05-09 15:48:00,0.37210000,0.37210000,0.37210000,0.37210000,0.00000000,1746805739999,0.00000000,0,0.00000000,0.00000000,0
2025-05-09 15:49:00,0.37210000,0.37210000,0.37210000,0.37210000,0.00000000,1746805799999,0.00000000,0,0.00000000,0.00000000,0
2025-05-09 15:50:00,0.37210000,0.37210000,0.37210000,0.37210000,0.00000000,1746805859999,0.00000000,0,0.00000000,0.00000000,0
2025-05-09 15:51:00,0.37210000,0.37210000,0.37210000,0.37210000,0.00000000,1746805919999,0.00000000,0,0.00000000,0.00000000,0
2025-05-09 15:52:00,0.37210000,0.37210000,0.37210000,0.37210000,0.00000000,1746805979999,0.00000000,0,0.00000000,0.00000000,0
2025-05-09 15:53:00,0.37210000,0.37210000,0.37210000,0.37210000,0.00000000,1746806039999,0.00000000,0,0.00000000,0.00000000,0
2025-05-09 15:54:00,0.37210000,0.37210000,0.37210000,0.37210000,0.00000000,1746806099999,0.00000000,0,0.00000000,0.00000000,0
2025-05-09 15:55:00,0.37210000,0.37210000,0.37210000,0.37210000,0.00000000,1746806159999,0.00000000,0,0.00000000,0.00000000,0
2025-05-09 15:56:00,0.37210000,0.37210000,0.37210000,0.37210000,0.00000000,1746806219999,0.00000000,0,0.00000000,0.00000000,0
2025-05-09 15:57:00,0.37210000,0.37210000,0.37210000,0.37210000,0.00000000,1746806279999,0.00000000,0,0.00000000,0.00000000,0
2025-05-09 15:58:00,0.37210000,0.37210000,0.37210000,0.37210000,0.00000000,1746806339999,0.00000000,0,0.00000000,0.00000000,0
2025-05-09 15:59:00,0.37210000,0.37210000,0.37210000,0.37210000,0.00000000,1746806399999,0.00000000,0,0.00000000,0.00000000,0
2025-05-09 16:00:00,0.37210000,0.37210000,0.37210000,0.37210000,0.00000000,1746806459999,0.00000000,0,0.00000000,0.00000000,0
2025-05-09 16:01:00,0.37210000,0.37210000,0.37210000,0.37210000,0.00000000,1746806519999,0.00000000,0,0.00000000,0.00000000,0
2025-05-09 16:02:00,0.37210000,0.37210000,0.37210000,0.37210000,0.00000000,1746806579999,0.00000000,0,0.00000000,0.00000000,0
2025-05-09 16:03:00,0.37630000,0.37630000,0.37630000,0.37630000,50.60000000,1746806639999,19.04078000,1,50.60000000,19.04078000,0
2025-05-09 16:04:00,0.37630000,0.37630000,0.37630000,0.37630000,0.00000000,1746806699999,0.00000000,0,0.00000000,0.00000000,0
2025-05-09 16:05:00,0.37630000,0.37630000,0.37630000,0.37630000,0.00000000,1746806759999,0.00000000,0,0.00000000,0.00000000,0
2025-05-09 16:06:00,0.37630000,0.37630000,0.37630000,0.37630000,0.00000000,1746806819999,0.00000000,0,0.00000000,0.00000000,0
2025-05-09 16:07:00,0.37630000,0.37630000,0.37630000,0.37630000,0.00000000,1746806879999,0.00000000,0,0.00000000,0.00000000,0
2025-05-09 16:08:00,0.37210000,0.37210000,0.37210000,0.37210000,106.80000000,1746806939999,39.74028000,1,0.00000000,0.00000000,0
2025-05-09 16:09:00,0.37210000,0.37210000,0.37210000,0.37210000,684.10000000,1746806999999,254.55361000,2,0.00000000,0.00000000,0
2025-05-09 16:10:00,0.37210000,0.37210000,0.37210000,0.37210000,0.00000000,1746807059999,0.00000000,0,0.00000000,0.00000000,0
2025-05-09 16:11:00,0.37210000,0.37210000,0.37210000,0.37210000,0.00000000,1746807119999,0.00000000,0,0.00000000,0.00000000,0
2025-05-09 16:12:00,0.37210000,0.37210000,0.37210000,0.37210000,0.00000000,1746807179999,0.00000000,0,0.00000000,0.00000000,0
2025-05-09 16:13:00,0.37210000,0.37210000,0.37210000,0.37210000,0.00000000,1746807239999,0.00000000,0,0.00000000,0.00000000,0
2025-05-09 16:14:00,0.37210000,0.37210000,0.37210000,0.37210000,0.00000000,1746807299999,0.00000000,0,0.00000000,0.00000000,0
2025-05-09 16:15:00,0.37210000,0.37210000,0.37210000,0.37210000,0.00000000,1746807359999,0.00000000,0,0.00000000,0.00000000,0
2025-05-09 16:16:00,0.37210000,0.37210000,0.37210000,0.37210000,0.00000000,1746807419999,0.00000000,0,0.00000000,0.00000000,0
2025-05-09 16:17:00,0.37210000,0.37210000,0.37210000,0.37210000,0.00000000,1746807479999,0.00000000,0,0.00000000,0.00000000,0
2025-05-09 16:18:00,0.37210000,0.37210000,0.37210000,0.37210000,0.00000000,1746807539999,0.00000000,0,0.00000000,0.00000000,0
2025-05-09 16:19:00,0.37210000,0.37210000,0.37210000,0.37210000,0.00000000,1746807599999,0.00000000,0,0.00000000,0.00000000,0
2025-05-09 16:20:00,0.37210000,0.37210000,0.37210000,0.37210000,0.00000000,1746807659999,0.00000000,0,0.00000000,0.00000000,0
2025-05-09 16:21:00,0.37210000,0.37210000,0.37210000,0.37210000,0.00000000,1746807719999,0.00000000,0,0.00000000,0.00000000,0
2025-05-09 16:22:00,0.37210000,0.37210000,0.37210000,0.37210000,0.00000000,1746807779999,0.00000000,0,0.00000000,0.00000000,0
2025-05-09 16:23:00,0.37210000,0.37210000,0.37210000,0.37210000,0.00000000,1746807839999,0.00000000,0,0.00000000,0.00000000,0
2025-05-09 16:24:00,0.37210000,0.37210000,0.37210000,0.37210000,0.00000000,1746807899999,0.00000000,0,0.00000000,0.00000000,0
2025-05-09 16:25:00,0.37210000,0.37210000,0.37210000,0.37210000,0.00000000,1746807959999,0.00000000,0,0.00000000,0.00000000,0
2025-05-09 16:26:00,0.37210000,0.37210000,0.37210000,0.37210000,0.00000000,1746808019999,0.00000000,0,0.00000000,0.00000000,0
2025-05-09 16:27:00,0.37210000,0.37210000,0.37210000,0.37210000,0.00000000,1746808079999,0.00000000,0,0.00000000,0.00000000,0
2025-05-09 16:28:00,0.37210000,0.37210000,0.37210000,0.37210000,0.00000000,1746808139999,0.00000000,0,0.00000000,0.00000000,0
2025-05-09 16:29:00,0.37210000,0.37210000,0.37210000,0.37210000,0.00000000,1746808199999,0.00000000,0,0.00000000,0.00000000,0
2025-05-09 16:30:00,0.37210000,0.37210000,0.37210000,0.37210000,0.00000000,1746808259999,0.00000000,0,0.00000000,0.00000000,0
2025-05-09 16:31:00,0.37210000,0.37210000,0.37210000,0.37210000,0.00000000,1746808319999,0.00000000,0,0.00000000,0.00000000,0
2025-05-09 16:32:00,0.37210000,0.37210000,0.37210000,0.37210000,0.00000000,1746808379999,0.00000000,0,0.00000000,0.00000000,0
2025-05-09 16:33:00,0.37210000,0.37210000,0.37210000,0.37210000,0.00000000,1746808439999,0.00000000,0,0.00000000,0.00000000,0
2025-05-09 16:34:00,0.37210000,0.37210000,0.37210000,0.37210000,0.00000000,1746808499999,0.00000000,0,0.00000000,0.00000000,0
2025-05-09 16:35:00,0.37210000,0.37210000,0.37210000,0.37210000,0.00000000,1746808559999,0.00000000,0,0.00000000,0.00000000,0
2025-05-09 16:36:00,0.37210000,0.37210000,0.37210000,0.37210000,0.00000000,1746808619999,0.00000000,0,0.00000000,0.00000000,0
2025-05-09 16:37:00,0.37210000,0.37210000,0.37210000,0.37210000,0.00000000,1746808679999,0.00000000,0,0.00000000,0.00000000,0
2025-05-09 16:38:00,0.37210000,0.37210000,0.37210000,0.37210000,0.00000000,1746808739999,0.00000000,0,0.00000000,0.00000000,0
2025-05-09 16:39:00,0.37210000,0.37210000,0.37210000,0.37210000,0.00000000,1746808799999,0.00000000,0,0.00000000,0.00000000,0
2025-05-09 16:40:00,0.37210000,0.37210000,0.37210000,0.37210000,0.00000000,1746808859999,0.00000000,0,0.00000000,0.00000000,0
2025-05-09 16:41:00,0.37210000,0.37210000,0.37210000,0.37210000,0.00000000,1746808919999,0.00000000,0,0.00000000,0.00000000,0
2025-05-09 16:42:00,0.37210000,0.37210000,0.37210000,0.37210000,0.00000000,1746808979999,0.00000000,0,0.00000000,0.00000000,0
2025-05-09 16:43:00,0.37210000,0.37210000,0.37210000,0.37210000,0.00000000,1746809039999,0.00000000,0,0.00000000,0.00000000,0
2025-05-09 16:44:00,0.37210000,0.37210000,0.37210000,0.37210000,0.00000000,1746809099999,0.00000000,0,0.00000000,0.00000000,0
2025-05-09 16:45:00,0.37210000,0.37210000,0.37210000,0.37210000,0.00000000,1746809159999,0.00000000,0,0.00000000,0.00000000,0
2025-05-09 16:46:00,0.37210000,0.37210000,0.37210000,0.37210000,0.00000000,1746809219999,0.00000000,0,0.00000000,0.00000000,0
2025-05-09 16:47:00,0.37640000,0.37640000,0.37600000,0.37600000,1205.80000000,1746809279999,453.59660000,2,0.00000000,0.00000000,0
2025-05-09 16:48:00,0.37600000,0.37600000,0.37600000,0.37600000,0.00000000,1746809339999,0.00000000,0,0.00000000,0.00000000,0
2025-05-09 16:49:00,0.37600000,0.37600000,0.37600000,0.37600000,0.00000000,1746809399999,0.00000000,0,0.00000000,0.00000000,0
2025-05-09 16:50:00,0.37600000,0.37600000,0.37600000,0.37600000,0.00000000,1746809459999,0.00000000,0,0.00000000,0.00000000,0
2025-05-09 16:51:00,0.37600000,0.37600000,0.37600000,0.37600000,0.00000000,1746809519999,0.00000000,0,0.00000000,0.00000000,0
2025-05-09 16:52:00,0.37600000,0.37600000,0.37600000,0.37600000,0.00000000,1746809579999,0.00000000,0,0.00000000,0.00000000,0
2025-05-09 16:53:00,0.37600000,0.37600000,0.37600000,0.37600000,0.00000000,1746809639999,0.00000000,0,0.00000000,0.00000000,0
2025-05-09 16:54:00,0.37600000,0.37600000,0.37600000,0.37600000,0.00000000,1746809699999,0.00000000,0,0.00000000,0.00000000,0
2025-05-09 16:55:00,0.37600000,0.37600000,0.37600000,0.37600000,0.00000000,1746809759999,0.00000000,0,0.00000000,0.00000000,0
2025-05-09 16:56:00,0.37330000,0.37330000,0.37330000,0.37330000,200.00000000,1746809819999,74.66000000,1,0.00000000,0.00000000,0
2025-05-09 16:57:00,0.37330000,0.37330000,0.37330000,0.37330000,0.00000000,1746809879999,0.00000000,0,0.00000000,0.00000000,0
2025-05-09 16:58:00,0.37330000,0.37330000,0.37330000,0.37330000,0.00000000,1746809939999,0.00000000,0,0.00000000,0.00000000,0
2025-05-09 16:59:00,0.37330000,0.37330000,0.37330000,0.37330000,0.00000000,1746809999999,0.00000000,0,0.00000000,0.00000000,0
2025-05-09 17:00:00,0.37330000,0.37330000,0.37330000,0.37330000,0.00000000,1746810059999,0.00000000,0,0.00000000,0.00000000,0
2025-05-09 17:01:00,0.37240000,0.37240000,0.37240000,0.37240000,264.80000000,1746810119999,98.61152000,1,0.00000000,0.00000000,0
2025-05-09 17:02:00,0.37240000,0.37240000,0.37240000,0.37240000,0.00000000,1746810179999,0.00000000,0,0.00000000,0.00000000,0
2025-05-09 17:03:00,0.37240000,0.37240000,0.37240000,0.37240000,0.00000000,1746810239999,0.00000000,0,0.00000000,0.00000000,0
2025-05-09 17:04:00,0.37240000,0.37240000,0.37240000,0.37240000,0.00000000,1746810299999,0.00000000,0,0.00000000,0.00000000,0
2025-05-09 17:05:00,0.37240000,0.37240000,0.37240000,0.37240000,0.00000000,1746810359999,0.00000000,0,0.00000000,0.00000000,0
2025-05-09 17:06:00,0.37240000,0.37240000,0.37240000,0.37240000,0.00000000,1746810419999,0.00000000,0,0.00000000,0.00000000,0
2025-05-09 17:07:00,0.37240000,0.37240000,0.37240000,0.37240000,0.00000000,1746810479999,0.00000000,0,0.00000000,0.00000000,0
2025-05-09 17:08:00,0.37480000,0.37480000,0.37480000,0.37480000,67.10000000,1746810539999,25.14908000,1,67.10000000,25.14908000,0
2025-05-09 17:09:00,0.37480000,0.37480000,0.37480000,0.37480000,0.00000000,1746810599999,0.00000000,0,0.00000000,0.00000000,0
2025-05-09 17:10:00,0.37480000,0.37480000,0.37480000,0.37480000,0.00000000,1746810659999,0.00000000,0,0.00000000,0.00000000,0
2025-05-09 17:11:00,0.37480000,0.37480000,0.37480000,0.37480000,0.00000000,1746810719999,0.00000000,0,0.00000000,0.00000000,0
2025-05-09 17:12:00,0.37480000,0.37480000,0.37480000,0.37480000,0.00000000,1746810779999,0.00000000,0,0.00000000,0.00000000,0
2025-05-09 17:13:00,0.37480000,0.37480000,0.37480000,0.37480000,0.00000000,1746810839999,0.00000000,0,0.00000000,0.00000000,0
2025-05-09 17:14:00,0.37480000,0.37480000,0.37480000,0.37480000,0.00000000,1746810899999,0.00000000,0,0.00000000,0.00000000,0
2025-05-09 17:15:00,0.37480000,0.37480000,0.37480000,0.37480000,0.00000000,1746810959999,0.00000000,0,0.00000000,0.00000000,0
2025-05-09 17:16:00,0.37480000,0.37480000,0.37480000,0.37480000,0.00000000,1746811019999,0.00000000,0,0.00000000,0.00000000,0
2025-05-09 17:17:00,0.37480000,0.37480000,0.37480000,0.37480000,0.00000000,1746811079999,0.00000000,0,0.00000000,0.00000000,0
2025-05-09 17:18:00,0.37480000,0.37480000,0.37480000,0.37480000,0.00000000,1746811139999,0.00000000,0,0.00000000,0.00000000,0
2025-05-09 17:19:00,0.37480000,0.37480000,0.37480000,0.37480000,0.00000000,1746811199999,0.00000000,0,0.00000000,0.00000000,0
2025-05-09 17:20:00,0.37480000,0.37480000,0.37480000,0.37480000,0.00000000,1746811259999,0.00000000,0,0.00000000,0.00000000,0
2025-05-09 17:21:00,0.37480000,0.37480000,0.37480000,0.37480000,0.00000000,1746811319999,0.00000000,0,0.00000000,0.00000000,0
2025-05-09 17:22:00,0.37480000,0.37480000,0.37480000,0.37480000,0.00000000,1746811379999,0.00000000,0,0.00000000,0.00000000,0
2025-05-09 17:23:00,0.37480000,0.37480000,0.37480000,0.37480000,0.00000000,1746811439999,0.00000000,0,0.00000000,0.00000000,0
2025-05-09 17:24:00,0.37480000,0.37480000,0.37480000,0.37480000,0.00000000,1746811499999,0.00000000,0,0.00000000,0.00000000,0
2025-05-09 17:25:00,0.37480000,0.37480000,0.37480000,0.37480000,0.00000000,1746811559999,0.00000000,0,0.00000000,0.00000000,0
2025-05-09 17:26:00,0.37480000,0.37480000,0.37480000,0.37480000,0.00000000,1746811619999,0.00000000,0,0.00000000,0.00000000,0
2025-05-09 17:27:00,0.37480000,0.37480000,0.37480000,0.37480000,0.00000000,1746811679999,0.00000000,0,0.00000000,0.00000000,0
2025-05-09 17:28:00,0.37480000,0.37480000,0.37480000,0.37480000,0.00000000,1746811739999,0.00000000,0,0.00000000,0.00000000,0
2025-05-09 17:29:00,0.37480000,0.37480000,0.37480000,0.37480000,0.00000000,1746811799999,0.00000000,0,0.00000000,0.00000000,0
2025-05-09 17:30:00,0.37480000,0.37480000,0.37480000,0.37480000,0.00000000,1746811859999,0.00000000,0,0.00000000,0.00000000,0
2025-05-09 17:31:00,0.37480000,0.37480000,0.37480000,0.37480000,0.00000000,1746811919999,0.00000000,0,0.00000000,0.00000000,0
2025-05-09 17:32:00,0.37480000,0.37480000,0.37480000,0.37480000,0.00000000,1746811979999,0.00000000,0,0.00000000,0.00000000,0
2025-05-09 17:33:00,0.37480000,0.37480000,0.37480000,0.37480000,0.00000000,1746812039999,0.00000000,0,0.00000000,0.00000000,0
2025-05-09 17:34:00,0.37480000,0.37480000,0.37480000,0.37480000,0.00000000,1746812099999,0.00000000,0,0.00000000,0.00000000,0
2025-05-09 17:35:00,0.37480000,0.37480000,0.37480000,0.37480000,0.00000000,1746812159999,0.00000000,0,0.00000000,0.00000000,0
2025-05-09 17:36:00,0.37480000,0.37480000,0.37480000,0.37480000,0.00000000,1746812219999,0.00000000,0,0.00000000,0.00000000,0
2025-05-09 17:37:00,0.37480000,0.37480000,0.37480000,0.37480000,0.00000000,1746812279999,0.00000000,0,0.00000000,0.00000000,0
2025-05-09 17:38:00,0.37480000,0.37480000,0.37480000,0.37480000,0.00000000,1746812339999,0.00000000,0,0.00000000,0.00000000,0
2025-05-09 17:39:00,0.37480000,0.37480000,0.37480000,0.37480000,0.00000000,1746812399999,0.00000000,0,0.00000000,0.00000000,0
2025-05-09 17:40:00,0.37480000,0.37480000,0.37480000,0.37480000,0.00000000,1746812459999,0.00000000,0,0.00000000,0.00000000,0
2025-05-09 17:41:00,0.37480000,0.37480000,0.37480000,0.37480000,0.00000000,1746812519999,0.00000000,0,0.00000000,0.00000000,0
2025-05-09 17:42:00,0.37480000,0.37480000,0.37480000,0.37480000,0.00000000,1746812579999,0.00000000,0,0.00000000,0.00000000,0
2025-05-09 17:43:00,0.37480000,0.37480000,0.37480000,0.37480000,0.00000000,1746812639999,0.00000000,0,0.00000000,0.00000000,0
2025-05-09 17:44:00,0.37480000,0.37480000,0.37480000,0.37480000,0.00000000,1746812699999,0.00000000,0,0.00000000,0.00000000,0
2025-05-09 17:45:00,0.37480000,0.37480000,0.37480000,0.37480000,0.00000000,1746812759999,0.00000000,0,0.00000000,0.00000000,0
2025-05-09 17:46:00,0.37480000,0.37480000,0.37480000,0.37480000,0.00000000,1746812819999,0.00000000,0,0.00000000,0.00000000,0
2025-05-09 17:47:00,0.37480000,0.37480000,0.37480000,0.37480000,0.00000000,1746812879999,0.00000000,0,0.00000000,0.00000000,0
2025-05-09 17:48:00,0.37480000,0.37480000,0.37480000,0.37480000,0.00000000,1746812939999,0.00000000,0,0.00000000,0.00000000,0
2025-05-09 17:49:00,0.37480000,0.37480000,0.37480000,0.37480000,0.00000000,1746812999999,0.00000000,0,0.00000000,0.00000000,0
2025-05-09 17:50:00,0.37480000,0.37480000,0.37480000,0.37480000,0.00000000,1746813059999,0.00000000,0,0.00000000,0.00000000,0
2025-05-09 17:51:00,0.37480000,0.37480000,0.37480000,0.37480000,0.00000000,1746813119999,0.00000000,0,0.00000000,0.00000000,0
2025-05-09 17:52:00,0.37480000,0.37480000,0.37480000,0.37480000,0.00000000,1746813179999,0.00000000,0,0.00000000,0.00000000,0
2025-05-09 17:53:00,0.37480000,0.37480000,0.37480000,0.37480000,0.00000000,1746813239999,0.00000000,0,0.00000000,0.00000000,0
2025-05-09 17:54:00,0.37480000,0.37480000,0.37480000,0.37480000,0.00000000,1746813299999,0.00000000,0,0.00000000,0.00000000,0
2025-05-09 17:55:00,0.37890000,0.37890000,0.37890000,0.37890000,8.00000000,1746813359999,3.03120000,1,8.00000000,3.03120000,0
2025-05-09 17:56:00,0.37890000,0.37890000,0.37890000,0.37890000,0.00000000,1746813419999,0.00000000,0,0.00000000,0.00000000,0
2025-05-09 17:57:00,0.37890000,0.37890000,0.37890000,0.37890000,0.00000000,1746813479999,0.00000000,0,0.00000000,0.00000000,0
2025-05-09 17:58:00,0.37890000,0.37890000,0.37890000,0.37890000,0.00000000,1746813539999,0.00000000,0,0.00000000,0.00000000,0
2025-05-09 17:59:00,0.37890000,0.37890000,0.37890000,0.37890000,0.00000000,1746813599999,0.00000000,0,0.00000000,0.00000000,0
2025-05-09 18:00:00,0.37890000,0.37890000,0.37890000,0.37890000,0.00000000,1746813659999,0.00000000,0,0.00000000,0.00000000,0
2025-05-09 18:01:00,0.37890000,0.37890000,0.37890000,0.37890000,0.00000000,1746813719999,0.00000000,0,0.00000000,0.00000000,0
2025-05-09 18:02:00,0.37890000,0.37890000,0.37890000,0.37890000,0.00000000,1746813779999,0.00000000,0,0.00000000,0.00000000,0
2025-05-09 18:03:00,0.37890000,0.37890000,0.37890000,0.37890000,0.00000000,1746813839999,0.00000000,0,0.00000000,0.00000000,0
2025-05-09 18:04:00,0.37890000,0.37890000,0.37890000,0.37890000,0.00000000,1746813899999,0.00000000,0,0.00000000,0.00000000,0
2025-05-09 18:05:00,0.37890000,0.37890000,0.37890000,0.37890000,0.00000000,1746813959999,0.00000000,0,0.00000000,0.00000000,0
2025-05-09 18:06:00,0.37890000,0.37890000,0.37890000,0.37890000,0.00000000,1746814019999,0.00000000,0,0.00000000,0.00000000,0
2025-05-09 18:07:00,0.37890000,0.37890000,0.37890000,0.37890000,0.00000000,1746814079999,0.00000000,0,0.00000000,0.00000000,0
2025-05-09 18:08:00,0.37890000,0.37890000,0.37890000,0.37890000,0.00000000,1746814139999,0.00000000,0,0.00000000,0.00000000,0
2025-05-09 18:09:00,0.37890000,0.37890000,0.37890000,0.37890000,0.00000000,1746814199999,0.00000000,0,0.00000000,0.00000000,0
2025-05-09 18:10:00,0.37890000,0.37890000,0.37890000,0.37890000,0.00000000,1746814259999,0.00000000,0,0.00000000,0.00000000,0
2025-05-09 18:11:00,0.37890000,0.37890000,0.37890000,0.37890000,0.00000000,1746814319999,0.00000000,0,0.00000000,0.00000000,0
2025-05-09 18:12:00,0.37890000,0.37890000,0.37890000,0.37890000,0.00000000,1746814379999,0.00000000,0,0.00000000,0.00000000,0
2025-05-09 18:13:00,0.37890000,0.37890000,0.37890000,0.37890000,0.00000000,1746814439999,0.00000000,0,0.00000000,0.00000000,0
2025-05-09 18:14:00,0.37890000,0.37890000,0.37890000,0.37890000,0.00000000,1746814499999,0.00000000,0,0.00000000,0.00000000,0
2025-05-09 18:15:00,0.37890000,0.37890000,0.37890000,0.37890000,0.00000000,1746814559999,0.00000000,0,0.00000000,0.00000000,0
2025-05-09 18:16:00,0.37890000,0.37890000,0.37890000,0.37890000,0.00000000,1746814619999,0.00000000,0,0.00000000,0.00000000,0
2025-05-09 18:17:00,0.37890000,0.37890000,0.37890000,0.37890000,0.00000000,1746814679999,0.00000000,0,0.00000000,0.00000000,0
2025-05-09 18:18:00,0.37890000,0.37890000,0.37890000,0.37890000,0.00000000,1746814739999,0.00000000,0,0.00000000,0.00000000,0
2025-05-09 18:19:00,0.37890000,0.37890000,0.37890000,0.37890000,0.00000000,1746814799999,0.00000000,0,0.00000000,0.00000000,0
2025-05-09 18:20:00,0.37890000,0.37890000,0.37890000,0.37890000,0.00000000,1746814859999,0.00000000,0,0.00000000,0.00000000,0
2025-05-09 18:21:00,0.37890000,0.37890000,0.37890000,0.37890000,0.00000000,1746814919999,0.00000000,0,0.00000000,0.00000000,0
2025-05-09 18:22:00,0.37890000,0.37890000,0.37890000,0.37890000,0.00000000,1746814979999,0.00000000,0,0.00000000,0.00000000,0
2025-05-09 18:23:00,0.37890000,0.37890000,0.37890000,0.37890000,0.00000000,1746815039999,0.00000000,0,0.00000000,0.00000000,0
2025-05-09 18:24:00,0.37890000,0.37890000,0.37890000,0.37890000,0.00000000,1746815099999,0.00000000,0,0.00000000,0.00000000,0
2025-05-09 18:25:00,0.37890000,0.37890000,0.37890000,0.37890000,0.00000000,1746815159999,0.00000000,0,0.00000000,0.00000000,0
2025-05-09 18:26:00,0.37890000,0.37890000,0.37890000,0.37890000,0.00000000,1746815219999,0.00000000,0,0.00000000,0.00000000,0
2025-05-09 18:27:00,0.37890000,0.37890000,0.37890000,0.37890000,0.00000000,1746815279999,0.00000000,0,0.00000000,0.00000000,0
2025-05-09 18:28:00,0.37890000,0.37890000,0.37890000,0.37890000,0.00000000,1746815339999,0.00000000,0,0.00000000,0.00000000,0
2025-05-09 18:29:00,0.37890000,0.37890000,0.37890000,0.37890000,0.00000000,1746815399999,0.00000000,0,0.00000000,0.00000000,0
2025-05-09 18:30:00,0.37890000,0.37890000,0.37890000,0.37890000,0.00000000,1746815459999,0.00000000,0,0.00000000,0.00000000,0
2025-05-09 18:31:00,0.37890000,0.37890000,0.37890000,0.37890000,0.00000000,1746815519999,0.00000000,0,0.00000000,0.00000000,0
2025-05-09 18:32:00,0.37890000,0.37890000,0.37890000,0.37890000,0.00000000,1746815579999,0.00000000,0,0.00000000,0.00000000,0
2025-05-09 18:33:00,0.37890000,0.37890000,0.37890000,0.37890000,0.00000000,1746815639999,0.00000000,0,0.00000000,0.00000000,0
2025-05-09 18:34:00,0.37890000,0.37890000,0.37890000,0.37890000,0.00000000,1746815699999,0.00000000,0,0.00000000,0.00000000,0
2025-05-09 18:35:00,0.37890000,0.37890000,0.37890000,0.37890000,0.00000000,1746815759999,0.00000000,0,0.00000000,0.00000000,0
2025-05-09 18:36:00,0.37890000,0.37890000,0.37890000,0.37890000,0.00000000,1746815819999,0.00000000,0,0.00000000,0.00000000,0
2025-05-09 18:37:00,0.37890000,0.37890000,0.37890000,0.37890000,0.00000000,1746815879999,0.00000000,0,0.00000000,0.00000000,0
2025-05-09 18:38:00,0.37890000,0.37890000,0.37890000,0.37890000,0.00000000,1746815939999,0.00000000,0,0.00000000,0.00000000,0
2025-05-09 18:39:00,0.37890000,0.37890000,0.37890000,0.37890000,0.00000000,1746815999999,0.00000000,0,0.00000000,0.00000000,0
2025-05-09 18:40:00,0.37890000,0.37890000,0.37890000,0.37890000,0.00000000,1746816059999,0.00000000,0,0.00000000,0.00000000,0
2025-05-09 18:41:00,0.37890000,0.37890000,0.37890000,0.37890000,0.00000000,1746816119999,0.00000000,0,0.00000000,0.00000000,0
2025-05-09 18:42:00,0.37890000,0.37890000,0.37890000,0.37890000,0.00000000,1746816179999,0.00000000,0,0.00000000,0.00000000,0
2025-05-09 18:43:00,0.37890000,0.37890000,0.37890000,0.37890000,0.00000000,1746816239999,0.00000000,0,0.00000000,0.00000000,0
2025-05-09 18:44:00,0.37890000,0.37890000,0.37890000,0.37890000,0.00000000,1746816299999,0.00000000,0,0.00000000,0.00000000,0
2025-05-09 18:45:00,0.37890000,0.37890000,0.37890000,0.37890000,0.00000000,1746816359999,0.00000000,0,0.00000000,0.00000000,0
2025-05-09 18:46:00,0.37890000,0.37890000,0.37890000,0.37890000,0.00000000,1746816419999,0.00000000,0,0.00000000,0.00000000,0
2025-05-09 18:47:00,0.37890000,0.37890000,0.37890000,0.37890000,0.00000000,1746816479999,0.00000000,0,0.00000000,0.00000000,0
2025-05-09 18:48:00,0.37890000,0.37890000,0.37890000,0.37890000,0.00000000,1746816539999,0.00000000,0,0.00000000,0.00000000,0
2025-05-09 18:49:00,0.37890000,0.37890000,0.37890000,0.37890000,0.00000000,1746816599999,0.00000000,0,0.00000000,0.00000000,0
2025-05-09 18:50:00,0.37890000,0.37890000,0.37890000,0.37890000,0.00000000,1746816659999,0.00000000,0,0.00000000,0.00000000,0
2025-05-09 18:51:00,0.37890000,0.37890000,0.37890000,0.37890000,0.00000000,1746816719999,0.00000000,0,0.00000000,0.00000000,0
2025-05-09 18:52:00,0.37890000,0.37890000,0.37890000,0.37890000,0.00000000,1746816779999,0.00000000,0,0.00000000,0.00000000,0
2025-05-09 18:53:00,0.37890000,0.37890000,0.37890000,0.37890000,0.00000000,1746816839999,0.00000000,0,0.00000000,0.00000000,0
2025-05-09 18:54:00,0.37890000,0.37890000,0.37890000,0.37890000,0.00000000,1746816899999,0.00000000,0,0.00000000,0.00000000,0
2025-05-09 18:55:00,0.37890000,0.37890000,0.37890000,0.37890000,0.00000000,1746816959999,0.00000000,0,0.00000000,0.00000000,0
2025-05-09 18:56:00,0.37890000,0.37890000,0.37890000,0.37890000,0.00000000,1746817019999,0.00000000,0,0.00000000,0.00000000,0
2025-05-09 18:57:00,0.37890000,0.37890000,0.37890000,0.37890000,0.00000000,1746817079999,0.00000000,0,0.00000000,0.00000000,0
2025-05-09 18:58:00,0.37890000,0.37890000,0.37890000,0.37890000,0.00000000,1746817139999,0.00000000,0,0.00000000,0.00000000,0
2025-05-09 18:59:00,0.37890000,0.37890000,0.37890000,0.37890000,0.00000000,1746817199999,0.00000000,0,0.00000000,0.00000000,0
2025-05-09 19:00:00,0.37890000,0.37890000,0.37890000,0.37890000,0.00000000,1746817259999,0.00000000,0,0.00000000,0.00000000,0
2025-05-09 19:01:00,0.37890000,0.37890000,0.37890000,0.37890000,0.00000000,1746817319999,0.00000000,0,0.00000000,0.00000000,0
2025-05-09 19:02:00,0.37890000,0.37890000,0.37890000,0.37890000,0.00000000,1746817379999,0.00000000,0,0.00000000,0.00000000,0
2025-05-09 19:03:00,0.37890000,0.37890000,0.37890000,0.37890000,0.00000000,1746817439999,0.00000000,0,0.00000000,0.00000000,0
2025-05-09 19:04:00,0.37890000,0.37890000,0.37890000,0.37890000,0.00000000,1746817499999,0.00000000,0,0.00000000,0.00000000,0
2025-05-09 19:05:00,0.37890000,0.37890000,0.37890000,0.37890000,0.00000000,1746817559999,0.00000000,0,0.00000000,0.00000000,0
2025-05-09 19:06:00,0.37890000,0.37890000,0.37890000,0.37890000,0.00000000,1746817619999,0.00000000,0,0.00000000,0.00000000,0
2025-05-09 19:07:00,0.37890000,0.37890000,0.37890000,0.37890000,0.00000000,1746817679999,0.00000000,0,0.00000000,0.00000000,0
2025-05-09 19:08:00,0.37890000,0.37890000,0.37890000,0.37890000,0.00000000,1746817739999,0.00000000,0,0.00000000,0.00000000,0
2025-05-09 19:09:00,0.37890000,0.37890000,0.37890000,0.37890000,0.00000000,1746817799999,0.00000000,0,0.00000000,0.00000000,0
2025-05-09 19:10:00,0.37890000,0.37890000,0.37890000,0.37890000,0.00000000,1746817859999,0.00000000,0,0.00000000,0.00000000,0
2025-05-09 19:11:00,0.37890000,0.37890000,0.37890000,0.37890000,0.00000000,1746817919999,0.00000000,0,0.00000000,0.00000000,0
2025-05-09 19:12:00,0.37890000,0.37890000,0.37890000,0.37890000,0.00000000,1746817979999,0.00000000,0,0.00000000,0.00000000,0
2025-05-09 19:13:00,0.37890000,0.37890000,0.37890000,0.37890000,0.00000000,1746818039999,0.00000000,0,0.00000000,0.00000000,0
2025-05-09 19:14:00,0.37890000,0.37890000,0.37890000,0.37890000,0.00000000,1746818099999,0.00000000,0,0.00000000,0.00000000,0
2025-05-09 19:15:00,0.37210000,0.37210000,0.37210000,0.37210000,4.40000000,1746818159999,1.63724000,1,0.00000000,0.00000000,0
2025-05-09 19:16:00,0.37210000,0.37210000,0.37210000,0.37210000,0.00000000,1746818219999,0.00000000,0,0.00000000,0.00000000,0
2025-05-09 19:17:00,0.37210000,0.37210000,0.37210000,0.37210000,0.00000000,1746818279999,0.00000000,0,0.00000000,0.00000000,0
2025-05-09 19:18:00,0.37210000,0.37210000,0.37210000,0.37210000,0.00000000,1746818339999,0.00000000,0,0.00000000,0.00000000,0
2025-05-09 19:19:00,0.37210000,0.37210000,0.37210000,0.37210000,0.00000000,1746818399999,0.00000000,0,0.00000000,0.00000000,0
2025-05-09 19:20:00,0.37210000,0.37210000,0.37210000,0.37210000,0.00000000,1746818459999,0.00000000,0,0.00000000,0.00000000,0
2025-05-09 19:21:00,0.37210000,0.37210000,0.37210000,0.37210000,0.00000000,1746818519999,0.00000000,0,0.00000000,0.00000000,0
2025-05-09 19:22:00,0.37210000,0.37210000,0.37210000,0.37210000,0.00000000,1746818579999,0.00000000,0,0.00000000,0.00000000,0
2025-05-09 19:23:00,0.37210000,0.37210000,0.37210000,0.37210000,0.00000000,1746818639999,0.00000000,0,0.00000000,0.00000000,0
2025-05-09 19:24:00,0.37210000,0.37210000,0.37210000,0.37210000,0.00000000,1746818699999,0.00000000,0,0.00000000,0.00000000,0
2025-05-09 19:25:00,0.37210000,0.37210000,0.37210000,0.37210000,0.00000000,1746818759999,0.00000000,0,0.00000000,0.00000000,0
2025-05-09 19:26:00,0.37210000,0.37210000,0.37210000,0.37210000,0.00000000,1746818819999,0.00000000,0,0.00000000,0.00000000,0
2025-05-09 19:27:00,0.37210000,0.37210000,0.37210000,0.37210000,0.00000000,1746818879999,0.00000000,0,0.00000000,0.00000000,0
2025-05-09 19:28:00,0.37210000,0.37210000,0.37210000,0.37210000,0.00000000,1746818939999,0.00000000,0,0.00000000,0.00000000,0
2025-05-09 19:29:00,0.37210000,0.37210000,0.37210000,0.37210000,0.00000000,1746818999999,0.00000000,0,0.00000000,0.00000000,0
2025-05-09 19:30:00,0.37210000,0.37210000,0.37210000,0.37210000,0.00000000,1746819059999,0.00000000,0,0.00000000,0.00000000,0
2025-05-09 19:31:00,0.37210000,0.37210000,0.37210000,0.37210000,0.00000000,1746819119999,0.00000000,0,0.00000000,0.00000000,0
2025-05-09 19:32:00,0.37210000,0.37210000,0.37210000,0.37210000,0.00000000,1746819179999,0.00000000,0,0.00000000,0.00000000,0
2025-05-09 19:33:00,0.37210000,0.37210000,0.37210000,0.37210000,0.00000000,1746819239999,0.00000000,0,0.00000000,0.00000000,0
2025-05-09 19:34:00,0.37210000,0.37210000,0.37210000,0.37210000,0.00000000,1746819299999,0.00000000,0,0.00000000,0.00000000,0
2025-05-09 19:35:00,0.37210000,0.37210000,0.37210000,0.37210000,0.00000000,1746819359999,0.00000000,0,0.00000000,0.00000000,0
2025-05-09 19:36:00,0.37210000,0.37210000,0.37210000,0.37210000,0.00000000,1746819419999,0.00000000,0,0.00000000,0.00000000,0
2025-05-09 19:37:00,0.37210000,0.37210000,0.37210000,0.37210000,0.00000000,1746819479999,0.00000000,0,0.00000000,0.00000000,0
2025-05-09 19:38:00,0.37210000,0.37210000,0.37210000,0.37210000,0.00000000,1746819539999,0.00000000,0,0.00000000,0.00000000,0
2025-05-09 19:39:00,0.37210000,0.37210000,0.37210000,0.37210000,0.00000000,1746819599999,0.00000000,0,0.00000000,0.00000000,0
2025-05-09 19:40:00,0.37210000,0.37210000,0.37210000,0.37210000,0.00000000,1746819659999,0.00000000,0,0.00000000,0.00000000,0
2025-05-09 19:41:00,0.37210000,0.37210000,0.37210000,0.37210000,0.00000000,1746819719999,0.00000000,0,0.00000000,0.00000000,0
2025-05-09 19:42:00,0.37210000,0.37210000,0.37210000,0.37210000,0.00000000,1746819779999,0.00000000,0,0.00000000,0.00000000,0
2025-05-09 19:43:00,0.37210000,0.37210000,0.37210000,0.37210000,0.00000000,1746819839999,0.00000000,0,0.00000000,0.00000000,0
2025-05-09 19:44:00,0.37210000,0.37210000,0.37210000,0.37210000,0.00000000,1746819899999,0.00000000,0,0.00000000,0.00000000,0
2025-05-09 19:45:00,0.37210000,0.37210000,0.37210000,0.37210000,0.00000000,1746819959999,0.00000000,0,0.00000000,0.00000000,0
2025-05-09 19:46:00,0.37210000,0.37210000,0.37210000,0.37210000,0.00000000,1746820019999,0.00000000,0,0.00000000,0.00000000,0
2025-05-09 19:47:00,0.37210000,0.37210000,0.37210000,0.37210000,0.00000000,1746820079999,0.00000000,0,0.00000000,0.00000000,0
2025-05-09 19:48:00,0.37210000,0.37210000,0.37210000,0.37210000,0.00000000,1746820139999,0.00000000,0,0.00000000,0.00000000,0
2025-05-09 19:49:00,0.37210000,0.37210000,0.37210000,0.37210000,0.00000000,1746820199999,0.00000000,0,0.00000000,0.00000000,0
2025-05-09 19:50:00,0.37210000,0.37210000,0.37210000,0.37210000,0.00000000,1746820259999,0.00000000,0,0.00000000,0.00000000,0
2025-05-09 19:51:00,0.37210000,0.37210000,0.37210000,0.37210000,0.00000000,1746820319999,0.00000000,0,0.00000000,0.00000000,0
2025-05-09 19:52:00,0.37210000,0.37210000,0.37210000,0.37210000,0.00000000,1746820379999,0.00000000,0,0.00000000,0.00000000,0
2025-05-09 19:53:00,0.37210000,0.37210000,0.37210000,0.37210000,0.00000000,1746820439999,0.00000000,0,0.00000000,0.00000000,0
2025-05-09 19:54:00,0.37210000,0.37210000,0.37210000,0.37210000,0.00000000,1746820499999,0.00000000,0,0.00000000,0.00000000,0
2025-05-09 19:55:00,0.37210000,0.37210000,0.37210000,0.37210000,0.00000000,1746820559999,0.00000000,0,0.00000000,0.00000000,0
2025-05-09 19:56:00,0.37210000,0.37210000,0.37210000,0.37210000,0.00000000,1746820619999,0.00000000,0,0.00000000,0.00000000,0
2025-05-09 19:57:00,0.37210000,0.37210000,0.37210000,0.37210000,0.00000000,1746820679999,0.00000000,0,0.00000000,0.00000000,0
2025-05-09 19:58:00,0.37210000,0.37210000,0.37210000,0.37210000,0.00000000,1746820739999,0.00000000,0,0.00000000,0.00000000,0
2025-05-09 19:59:00,0.37210000,0.37210000,0.37210000,0.37210000,0.00000000,1746820799999,0.00000000,0,0.00000000,0.00000000,0
2025-05-09 20:00:00,0.37210000,0.37210000,0.37210000,0.37210000,0.00000000,1746820859999,0.00000000,0,0.00000000,0.00000000,0
2025-05-09 20:01:00,0.37210000,0.37210000,0.37210000,0.37210000,0.00000000,1746820919999,0.00000000,0,0.00000000,0.00000000,0
2025-05-09 20:02:00,0.37210000,0.37210000,0.37210000,0.37210000,0.00000000,1746820979999,0.00000000,0,0.00000000,0.00000000,0
2025-05-09 20:03:00,0.37210000,0.37210000,0.37210000,0.37210000,0.00000000,1746821039999,0.00000000,0,0.00000000,0.00000000,0
2025-05-09 20:04:00,0.37210000,0.37210000,0.37210000,0.37210000,0.00000000,1746821099999,0.00000000,0,0.00000000,0.00000000,0
2025-05-09 20:05:00,0.37210000,0.37210000,0.37210000,0.37210000,0.00000000,1746821159999,0.00000000,0,0.00000000,0.00000000,0
2025-05-09 20:06:00,0.37210000,0.37210000,0.37210000,0.37210000,0.00000000,1746821219999,0.00000000,0,0.00000000,0.00000000,0
2025-05-09 20:07:00,0.37210000,0.37210000,0.37210000,0.37210000,0.00000000,1746821279999,0.00000000,0,0.00000000,0.00000000,0
2025-05-09 20:08:00,0.37210000,0.37210000,0.37210000,0.37210000,0.00000000,1746821339999,0.00000000,0,0.00000000,0.00000000,0
2025-05-09 20:09:00,0.37210000,0.37210000,0.37210000,0.37210000,0.00000000,1746821399999,0.00000000,0,0.00000000,0.00000000,0
2025-05-09 20:10:00,0.37210000,0.37210000,0.37210000,0.37210000,0.00000000,1746821459999,0.00000000,0,0.00000000,0.00000000,0
2025-05-09 20:11:00,0.37210000,0.37210000,0.37210000,0.37210000,0.00000000,1746821519999,0.00000000,0,0.00000000,0.00000000,0
2025-05-09 20:12:00,0.37210000,0.37210000,0.37210000,0.37210000,0.00000000,1746821579999,0.00000000,0,0.00000000,0.00000000,0
2025-05-09 20:13:00,0.37210000,0.37210000,0.37210000,0.37210000,0.00000000,1746821639999,0.00000000,0,0.00000000,0.00000000,0
2025-05-09 20:14:00,0.37210000,0.37210000,0.37210000,0.37210000,0.00000000,1746821699999,0.00000000,0,0.00000000,0.00000000,0
2025-05-09 20:15:00,0.37210000,0.37210000,0.37210000,0.37210000,0.00000000,1746821759999,0.00000000,0,0.00000000,0.00000000,0
2025-05-09 20:16:00,0.37210000,0.37210000,0.37210000,0.37210000,0.00000000,1746821819999,0.00000000,0,0.00000000,0.00000000,0
2025-05-09 20:17:00,0.37210000,0.37210000,0.37210000,0.37210000,0.00000000,1746821879999,0.00000000,0,0.00000000,0.00000000,0
2025-05-09 20:18:00,0.37210000,0.37210000,0.37210000,0.37210000,0.00000000,1746821939999,0.00000000,0,0.00000000,0.00000000,0
2025-05-09 20:19:00,0.37210000,0.37210000,0.37210000,0.37210000,0.00000000,1746821999999,0.00000000,0,0.00000000,0.00000000,0
2025-05-09 20:20:00,0.37210000,0.37210000,0.37210000,0.37210000,0.00000000,1746822059999,0.00000000,0,0.00000000,0.00000000,0
2025-05-09 20:21:00,0.37210000,0.37210000,0.37210000,0.37210000,0.00000000,1746822119999,0.00000000,0,0.00000000,0.00000000,0
2025-05-09 20:22:00,0.37210000,0.37210000,0.37210000,0.37210000,0.00000000,1746822179999,0.00000000,0,0.00000000,0.00000000,0
2025-05-09 20:23:00,0.37210000,0.37210000,0.37210000,0.37210000,0.00000000,1746822239999,0.00000000,0,0.00000000,0.00000000,0
2025-05-09 20:24:00,0.37210000,0.37210000,0.37210000,0.37210000,0.00000000,1746822299999,0.00000000,0,0.00000000,0.00000000,0
2025-05-09 20:25:00,0.37210000,0.37210000,0.37210000,0.37210000,0.00000000,1746822359999,0.00000000,0,0.00000000,0.00000000,0
2025-05-09 20:26:00,0.37210000,0.37210000,0.37210000,0.37210000,0.00000000,1746822419999,0.00000000,0,0.00000000,0.00000000,0
2025-05-09 20:27:00,0.37210000,0.37210000,0.37210000,0.37210000,0.00000000,1746822479999,0.00000000,0,0.00000000,0.00000000,0
2025-05-09 20:28:00,0.37210000,0.37210000,0.37210000,0.37210000,0.00000000,1746822539999,0.00000000,0,0.00000000,0.00000000,0
2025-05-09 20:29:00,0.37210000,0.37210000,0.37210000,0.37210000,0.00000000,1746822599999,0.00000000,0,0.00000000,0.00000000,0
2025-05-09 20:30:00,0.37210000,0.37210000,0.37210000,0.37210000,0.00000000,1746822659999,0.00000000,0,0.00000000,0.00000000,0
2025-05-09 20:31:00,0.37210000,0.37210000,0.37210000,0.37210000,0.00000000,1746822719999,0.00000000,0,0.00000000,0.00000000,0
2025-05-09 20:32:00,0.37210000,0.37210000,0.37210000,0.37210000,0.00000000,1746822779999,0.00000000,0,0.00000000,0.00000000,0
2025-05-09 20:33:00,0.37210000,0.37210000,0.37210000,0.37210000,0.00000000,1746822839999,0.00000000,0,0.00000000,0.00000000,0
2025-05-09 20:34:00,0.37210000,0.37210000,0.37210000,0.37210000,0.00000000,1746822899999,0.00000000,0,0.00000000,0.00000000,0
2025-05-09 20:35:00,0.37210000,0.37210000,0.37210000,0.37210000,0.00000000,1746822959999,0.00000000,0,0.00000000,0.00000000,0
2025-05-09 20:36:00,0.37210000,0.37210000,0.37210000,0.37210000,0.00000000,1746823019999,0.00000000,0,0.00000000,0.00000000,0
2025-05-09 20:37:00,0.37210000,0.37210000,0.37210000,0.37210000,0.00000000,1746823079999,0.00000000,0,0.00000000,0.00000000,0
2025-05-09 20:38:00,0.37210000,0.37210000,0.37210000,0.37210000,0.00000000,1746823139999,0.00000000,0,0.00000000,0.00000000,0
2025-05-09 20:39:00,0.37210000,0.37210000,0.37210000,0.37210000,0.00000000,1746823199999,0.00000000,0,0.00000000,0.00000000,0
2025-05-09 20:40:00,0.37210000,0.37210000,0.37210000,0.37210000,0.00000000,1746823259999,0.00000000,0,0.00000000,0.00000000,0
2025-05-09 20:41:00,0.37210000,0.37210000,0.37210000,0.37210000,0.00000000,1746823319999,0.00000000,0,0.00000000,0.00000000,0
2025-05-09 20:42:00,0.37210000,0.37210000,0.37210000,0.37210000,0.00000000,1746823379999,0.00000000,0,0.00000000,0.00000000,0
2025-05-09 20:43:00,0.37210000,0.37210000,0.37210000,0.37210000,0.00000000,1746823439999,0.00000000,0,0.00000000,0.00000000,0
2025-05-09 20:44:00,0.37210000,0.37210000,0.37210000,0.37210000,0.00000000,1746823499999,0.00000000,0,0.00000000,0.00000000,0
2025-05-09 20:45:00,0.37210000,0.37210000,0.37210000,0.37210000,0.00000000,1746823559999,0.00000000,0,0.00000000,0.00000000,0
2025-05-09 20:46:00,0.37210000,0.37210000,0.37210000,0.37210000,0.00000000,1746823619999,0.00000000,0,0.00000000,0.00000000,0
2025-05-09 20:47:00,0.37210000,0.37210000,0.37210000,0.37210000,0.00000000,1746823679999,0.00000000,0,0.00000000,0.00000000,0
2025-05-09 20:48:00,0.37210000,0.37210000,0.37210000,0.37210000,0.00000000,1746823739999,0.00000000,0,0.00000000,0.00000000,0
2025-05-09 20:49:00,0.37210000,0.37210000,0.37210000,0.37210000,0.00000000,1746823799999,0.00000000,0,0.00000000,0.00000000,0
2025-05-09 20:50:00,0.37210000,0.37210000,0.37210000,0.37210000,0.00000000,1746823859999,0.00000000,0,0.00000000,0.00000000,0
2025-05-09 20:51:00,0.37210000,0.37210000,0.37210000,0.37210000,0.00000000,1746823919999,0.00000000,0,0.00000000,0.00000000,0
2025-05-09 20:52:00,0.37210000,0.37210000,0.37210000,0.37210000,0.00000000,1746823979999,0.00000000,0,0.00000000,0.00000000,0
2025-05-09 20:53:00,0.37210000,0.37210000,0.37210000,0.37210000,0.00000000,1746824039999,0.00000000,0,0.00000000,0.00000000,0
2025-05-09 20:54:00,0.37210000,0.37210000,0.37210000,0.37210000,0.00000000,1746824099999,0.00000000,0,0.00000000,0.00000000,0
2025-05-09 20:55:00,0.37210000,0.37210000,0.37210000,0.37210000,0.00000000,1746824159999,0.00000000,0,0.00000000,0.00000000,0
2025-05-09 20:56:00,0.37210000,0.37210000,0.37210000,0.37210000,0.00000000,1746824219999,0.00000000,0,0.00000000,0.00000000,0
2025-05-09 20:57:00,0.37210000,0.37210000,0.37210000,0.37210000,0.00000000,1746824279999,0.00000000,0,0.00000000,0.00000000,0
2025-05-09 20:58:00,0.37670000,0.37670000,0.37670000,0.37670000,26.50000000,1746824339999,9.98255000,1,26.50000000,9.98255000,0
2025-05-09 20:59:00,0.37670000,0.37670000,0.37670000,0.37670000,0.00000000,1746824399999,0.00000000,0,0.00000000,0.00000000,0
2025-05-09 21:00:00,0.37670000,0.37670000,0.37670000,0.37670000,0.00000000,1746824459999,0.00000000,0,0.00000000,0.00000000,0
2025-05-09 21:01:00,0.37670000,0.37670000,0.37670000,0.37670000,0.00000000,1746824519999,0.00000000,0,0.00000000,0.00000000,0
2025-05-09 21:02:00,0.37670000,0.37670000,0.37670000,0.37670000,0.00000000,1746824579999,0.00000000,0,0.00000000,0.00000000,0
2025-05-09 21:03:00,0.37670000,0.37670000,0.37670000,0.37670000,0.00000000,1746824639999,0.00000000,0,0.00000000,0.00000000,0
2025-05-09 21:04:00,0.37670000,0.37670000,0.37670000,0.37670000,0.00000000,1746824699999,0.00000000,0,0.00000000,0.00000000,0
2025-05-09 21:05:00,0.37670000,0.37670000,0.37670000,0.37670000,0.00000000,1746824759999,0.00000000,0,0.00000000,0.00000000,0
2025-05-09 21:06:00,0.37670000,0.37670000,0.37670000,0.37670000,0.00000000,1746824819999,0.00000000,0,0.00000000,0.00000000,0
2025-05-09 21:07:00,0.37670000,0.37670000,0.37670000,0.37670000,0.00000000,1746824879999,0.00000000,0,0.00000000,0.00000000,0
2025-05-09 21:08:00,0.37670000,0.37670000,0.37670000,0.37670000,0.00000000,1746824939999,0.00000000,0,0.00000000,0.00000000,0
2025-05-09 21:09:00,0.37670000,0.37670000,0.37670000,0.37670000,0.00000000,1746824999999,0.00000000,0,0.00000000,0.00000000,0
2025-05-09 21:10:00,0.37670000,0.37670000,0.37670000,0.37670000,0.00000000,1746825059999,0.00000000,0,0.00000000,0.00000000,0
2025-05-09 21:11:00,0.37670000,0.37670000,0.37670000,0.37670000,0.00000000,1746825119999,0.00000000,0,0.00000000,0.00000000,0
2025-05-09 21:12:00,0.37670000,0.37670000,0.37670000,0.37670000,0.00000000,1746825179999,0.00000000,0,0.00000000,0.00000000,0
2025-05-09 21:13:00,0.37670000,0.37670000,0.37670000,0.37670000,0.00000000,1746825239999,0.00000000,0,0.00000000,0.00000000,0
2025-05-09 21:14:00,0.37670000,0.37670000,0.37670000,0.37670000,0.00000000,1746825299999,0.00000000,0,0.00000000,0.00000000,0
2025-05-09 21:15:00,0.37670000,0.37670000,0.37670000,0.37670000,0.00000000,1746825359999,0.00000000,0,0.00000000,0.00000000,0
2025-05-09 21:16:00,0.37670000,0.37670000,0.37670000,0.37670000,0.00000000,1746825419999,0.00000000,0,0.00000000,0.00000000,0
2025-05-09 21:17:00,0.37670000,0.37670000,0.37670000,0.37670000,0.00000000,1746825479999,0.00000000,0,0.00000000,0.00000000,0
2025-05-09 21:18:00,0.37670000,0.37670000,0.37670000,0.37670000,0.00000000,1746825539999,0.00000000,0,0.00000000,0.00000000,0
2025-05-09 21:19:00,0.37670000,0.37670000,0.37670000,0.37670000,0.00000000,1746825599999,0.00000000,0,0.00000000,0.00000000,0
2025-05-09 21:20:00,0.37670000,0.37670000,0.37670000,0.37670000,0.00000000,1746825659999,0.00000000,0,0.00000000,0.00000000,0
2025-05-09 21:21:00,0.37670000,0.37670000,0.37670000,0.37670000,0.00000000,1746825719999,0.00000000,0,0.00000000,0.00000000,0
2025-05-09 21:22:00,0.37670000,0.37670000,0.37670000,0.37670000,0.00000000,1746825779999,0.00000000,0,0.00000000,0.00000000,0
2025-05-09 21:23:00,0.37670000,0.37670000,0.37670000,0.37670000,0.00000000,1746825839999,0.00000000,0,0.00000000,0.00000000,0
2025-05-09 21:24:00,0.37670000,0.37670000,0.37670000,0.37670000,0.00000000,1746825899999,0.00000000,0,0.00000000,0.00000000,0
2025-05-09 21:25:00,0.37670000,0.37670000,0.37670000,0.37670000,0.00000000,1746825959999,0.00000000,0,0.00000000,0.00000000,0
2025-05-09 21:26:00,0.37670000,0.37670000,0.37670000,0.37670000,0.00000000,1746826019999,0.00000000,0,0.00000000,0.00000000,0
2025-05-09 21:27:00,0.37670000,0.37670000,0.37670000,0.37670000,0.00000000,1746826079999,0.00000000,0,0.00000000,0.00000000,0
2025-05-09 21:28:00,0.37670000,0.37670000,0.37670000,0.37670000,0.00000000,1746826139999,0.00000000,0,0.00000000,0.00000000,0
2025-05-09 21:29:00,0.37670000,0.37670000,0.37670000,0.37670000,0.00000000,1746826199999,0.00000000,0,0.00000000,0.00000000,0
2025-05-09 21:30:00,0.37670000,0.37670000,0.37670000,0.37670000,0.00000000,1746826259999,0.00000000,0,0.00000000,0.00000000,0
2025-05-09 21:31:00,0.37670000,0.37670000,0.37670000,0.37670000,0.00000000,1746826319999,0.00000000,0,0.00000000,0.00000000,0
2025-05-09 21:32:00,0.37670000,0.37670000,0.37670000,0.37670000,0.00000000,1746826379999,0.00000000,0,0.00000000,0.00000000,0
2025-05-09 21:33:00,0.37670000,0.37670000,0.37670000,0.37670000,0.00000000,1746826439999,0.00000000,0,0.00000000,0.00000000,0
2025-05-09 21:34:00,0.37670000,0.37670000,0.37670000,0.37670000,0.00000000,1746826499999,0.00000000,0,0.00000000,0.00000000,0
2025-05-09 21:35:00,0.37670000,0.37670000,0.37670000,0.37670000,0.00000000,1746826559999,0.00000000,0,0.00000000,0.00000000,0
2025-05-09 21:36:00,0.37670000,0.37670000,0.37670000,0.37670000,0.00000000,1746826619999,0.00000000,0,0.00000000,0.00000000,0
2025-05-09 21:37:00,0.37670000,0.37670000,0.37670000,0.37670000,0.00000000,1746826679999,0.00000000,0,0.00000000,0.00000000,0
2025-05-09 21:38:00,0.37670000,0.37670000,0.37670000,0.37670000,0.00000000,1746826739999,0.00000000,0,0.00000000,0.00000000,0
2025-05-09 21:39:00,0.37670000,0.37670000,0.37670000,0.37670000,0.00000000,1746826799999,0.00000000,0,0.00000000,0.00000000,0
2025-05-09 21:40:00,0.37670000,0.37670000,0.37670000,0.37670000,0.00000000,1746826859999,0.00000000,0,0.00000000,0.00000000,0
2025-05-09 21:41:00,0.37670000,0.37670000,0.37670000,0.37670000,0.00000000,1746826919999,0.00000000,0,0.00000000,0.00000000,0
2025-05-09 21:42:00,0.37670000,0.37670000,0.37670000,0.37670000,0.00000000,1746826979999,0.00000000,0,0.00000000,0.00000000,0
2025-05-09 21:43:00,0.37670000,0.37670000,0.37670000,0.37670000,0.00000000,1746827039999,0.00000000,0,0.00000000,0.00000000,0
2025-05-09 21:44:00,0.37670000,0.37670000,0.37670000,0.37670000,0.00000000,1746827099999,0.00000000,0,0.00000000,0.00000000,0
2025-05-09 21:45:00,0.37670000,0.37670000,0.37670000,0.37670000,0.00000000,1746827159999,0.00000000,0,0.00000000,0.00000000,0
2025-05-09 21:46:00,0.37670000,0.37670000,0.37670000,0.37670000,0.00000000,1746827219999,0.00000000,0,0.00000000,0.00000000,0
2025-05-09 21:47:00,0.37670000,0.37670000,0.37670000,0.37670000,0.00000000,1746827279999,0.00000000,0,0.00000000,0.00000000,0
2025-05-09 21:48:00,0.37670000,0.37670000,0.37670000,0.37670000,0.00000000,1746827339999,0.00000000,0,0.00000000,0.00000000,0
2025-05-09 21:49:00,0.37670000,0.37670000,0.37670000,0.37670000,0.00000000,1746827399999,0.00000000,0,0.00000000,0.00000000,0
2025-05-09 21:50:00,0.37670000,0.37670000,0.37670000,0.37670000,0.00000000,1746827459999,0.00000000,0,0.00000000,0.00000000,0
2025-05-09 21:51:00,0.37670000,0.37670000,0.37670000,0.37670000,0.00000000,1746827519999,0.00000000,0,0.00000000,0.00000000,0
2025-05-09 21:52:00,0.37670000,0.37670000,0.37670000,0.37670000,0.00000000,1746827579999,0.00000000,0,0.00000000,0.00000000,0
2025-05-09 21:53:00,0.37670000,0.37670000,0.37670000,0.37670000,0.00000000,1746827639999,0.00000000,0,0.00000000,0.00000000,0
2025-05-09 21:54:00,0.37670000,0.37670000,0.37670000,0.37670000,0.00000000,1746827699999,0.00000000,0,0.00000000,0.00000000,0
2025-05-09 21:55:00,0.37670000,0.37670000,0.37670000,0.37670000,0.00000000,1746827759999,0.00000000,0,0.00000000,0.00000000,0
2025-05-09 21:56:00,0.37670000,0.37670000,0.37670000,0.37670000,0.00000000,1746827819999,0.00000000,0,0.00000000,0.00000000,0
2025-05-09 21:57:00,0.37670000,0.37670000,0.37670000,0.37670000,0.00000000,1746827879999,0.00000000,0,0.00000000,0.00000000,0
2025-05-09 21:58:00,0.37670000,0.37670000,0.37670000,0.37670000,0.00000000,1746827939999,0.00000000,0,0.00000000,0.00000000,0
2025-05-09 21:59:00,0.37670000,0.37670000,0.37670000,0.37670000,0.00000000,1746827999999,0.00000000,0,0.00000000,0.00000000,0
2025-05-09 22:00:00,0.37670000,0.37670000,0.37670000,0.37670000,0.00000000,1746828059999,0.00000000,0,0.00000000,0.00000000,0
2025-05-09 22:01:00,0.37670000,0.37670000,0.37670000,0.37670000,0.00000000,1746828119999,0.00000000,0,0.00000000,0.00000000,0
2025-05-09 22:02:00,0.37670000,0.37670000,0.37670000,0.37670000,0.00000000,1746828179999,0.00000000,0,0.00000000,0.00000000,0
2025-05-09 22:03:00,0.37670000,0.37670000,0.37670000,0.37670000,0.00000000,1746828239999,0.00000000,0,0.00000000,0.00000000,0
2025-05-09 22:04:00,0.37670000,0.37670000,0.37670000,0.37670000,0.00000000,1746828299999,0.00000000,0,0.00000000,0.00000000,0
2025-05-09 22:05:00,0.37670000,0.37670000,0.37670000,0.37670000,0.00000000,1746828359999,0.00000000,0,0.00000000,0.00000000,0
2025-05-09 22:06:00,0.37670000,0.37670000,0.37670000,0.37670000,0.00000000,1746828419999,0.00000000,0,0.00000000,0.00000000,0
2025-05-09 22:07:00,0.37670000,0.37670000,0.37670000,0.37670000,0.00000000,1746828479999,0.00000000,0,0.00000000,0.00000000,0
2025-05-09 22:08:00,0.37670000,0.37670000,0.37670000,0.37670000,0.00000000,1746828539999,0.00000000,0,0.00000000,0.00000000,0
2025-05-09 22:09:00,0.37670000,0.37670000,0.37670000,0.37670000,0.00000000,1746828599999,0.00000000,0,0.00000000,0.00000000,0
2025-05-09 22:10:00,0.37670000,0.37670000,0.37670000,0.37670000,0.00000000,1746828659999,0.00000000,0,0.00000000,0.00000000,0
2025-05-09 22:11:00,0.37670000,0.37670000,0.37670000,0.37670000,0.00000000,1746828719999,0.00000000,0,0.00000000,0.00000000,0
2025-05-09 22:12:00,0.37670000,0.37670000,0.37670000,0.37670000,0.00000000,1746828779999,0.00000000,0,0.00000000,0.00000000,0
2025-05-09 22:13:00,0.37670000,0.37670000,0.37670000,0.37670000,0.00000000,1746828839999,0.00000000,0,0.00000000,0.00000000,0
2025-05-09 22:14:00,0.37670000,0.37670000,0.37670000,0.37670000,0.00000000,1746828899999,0.00000000,0,0.00000000,0.00000000,0
2025-05-09 22:15:00,0.37670000,0.37670000,0.37670000,0.37670000,0.00000000,1746828959999,0.00000000,0,0.00000000,0.00000000,0
2025-05-09 22:16:00,0.37670000,0.37670000,0.37670000,0.37670000,0.00000000,1746829019999,0.00000000,0,0.00000000,0.00000000,0
2025-05-09 22:17:00,0.37670000,0.37670000,0.37670000,0.37670000,0.00000000,1746829079999,0.00000000,0,0.00000000,0.00000000,0
2025-05-09 22:18:00,0.37670000,0.37670000,0.37670000,0.37670000,0.00000000,1746829139999,0.00000000,0,0.00000000,0.00000000,0
2025-05-09 22:19:00,0.37670000,0.37670000,0.37670000,0.37670000,0.00000000,1746829199999,0.00000000,0,0.00000000,0.00000000,0
2025-05-09 22:20:00,0.37670000,0.37670000,0.37670000,0.37670000,0.00000000,1746829259999,0.00000000,0,0.00000000,0.00000000,0
2025-05-09 22:21:00,0.37670000,0.37670000,0.37670000,0.37670000,0.00000000,1746829319999,0.00000000,0,0.00000000,0.00000000,0
2025-05-09 22:22:00,0.37670000,0.37670000,0.37670000,0.37670000,0.00000000,1746829379999,0.00000000,0,0.00000000,0.00000000,0
2025-05-09 22:23:00,0.37670000,0.37670000,0.37670000,0.37670000,0.00000000,1746829439999,0.00000000,0,0.00000000,0.00000000,0
2025-05-09 22:24:00,0.37670000,0.37670000,0.37670000,0.37670000,0.00000000,1746829499999,0.00000000,0,0.00000000,0.00000000,0
2025-05-09 22:25:00,0.37670000,0.37670000,0.37670000,0.37670000,0.00000000,1746829559999,0.00000000,0,0.00000000,0.00000000,0
2025-05-09 22:26:00,0.37670000,0.37670000,0.37670000,0.37670000,0.00000000,1746829619999,0.00000000,0,0.00000000,0.00000000,0
2025-05-09 22:27:00,0.37670000,0.37670000,0.37670000,0.37670000,0.00000000,1746829679999,0.00000000,0,0.00000000,0.00000000,0
2025-05-09 22:28:00,0.37670000,0.37670000,0.37670000,0.37670000,0.00000000,1746829739999,0.00000000,0,0.00000000,0.00000000,0
2025-05-09 22:29:00,0.37670000,0.37670000,0.37670000,0.37670000,0.00000000,1746829799999,0.00000000,0,0.00000000,0.00000000,0
2025-05-09 22:30:00,0.37670000,0.37670000,0.37670000,0.37670000,0.00000000,1746829859999,0.00000000,0,0.00000000,0.00000000,0
2025-05-09 22:31:00,0.37670000,0.37670000,0.37670000,0.37670000,0.00000000,1746829919999,0.00000000,0,0.00000000,0.00000000,0
2025-05-09 22:32:00,0.37670000,0.37670000,0.37670000,0.37670000,0.00000000,1746829979999,0.00000000,0,0.00000000,0.00000000,0
2025-05-09 22:33:00,0.37670000,0.37670000,0.37670000,0.37670000,0.00000000,1746830039999,0.00000000,0,0.00000000,0.00000000,0
2025-05-09 22:34:00,0.37750000,0.37750000,0.37750000,0.37750000,19.10000000,1746830099999,7.21025000,1,19.10000000,7.21025000,0
2025-05-09 22:35:00,0.37750000,0.37750000,0.37750000,0.37750000,0.00000000,1746830159999,0.00000000,0,0.00000000,0.00000000,0
2025-05-09 22:36:00,0.37750000,0.37750000,0.37750000,0.37750000,0.00000000,1746830219999,0.00000000,0,0.00000000,0.00000000,0
2025-05-09 22:37:00,0.37750000,0.37750000,0.37750000,0.37750000,0.00000000,1746830279999,0.00000000,0,0.00000000,0.00000000,0
2025-05-09 22:38:00,0.37750000,0.37750000,0.37750000,0.37750000,0.00000000,1746830339999,0.00000000,0,0.00000000,0.00000000,0
2025-05-09 22:39:00,0.37720000,0.37720000,0.37720000,0.37720000,27.00000000,1746830399999,10.18440000,1,0.00000000,0.00000000,0
2025-05-09 22:40:00,0.37720000,0.37720000,0.37720000,0.37720000,0.00000000,1746830459999,0.00000000,0,0.00000000,0.00000000,0
2025-05-09 22:41:00,0.37720000,0.37720000,0.37720000,0.37720000,0.00000000,1746830519999,0.00000000,0,0.00000000,0.00000000,0
2025-05-09 22:42:00,0.37720000,0.37720000,0.37720000,0.37720000,0.00000000,1746830579999,0.00000000,0,0.00000000,0.00000000,0
2025-05-09 22:43:00,0.37720000,0.37720000,0.37720000,0.37720000,0.00000000,1746830639999,0.00000000,0,0.00000000,0.00000000,0
2025-05-09 22:44:00,0.37720000,0.37720000,0.37720000,0.37720000,0.00000000,1746830699999,0.00000000,0,0.00000000,0.00000000,0
2025-05-09 22:45:00,0.37720000,0.37720000,0.37720000,0.37720000,0.00000000,1746830759999,0.00000000,0,0.00000000,0.00000000,0
2025-05-09 22:46:00,0.37720000,0.37720000,0.37720000,0.37720000,0.00000000,1746830819999,0.00000000,0,0.00000000,0.00000000,0
2025-05-09 22:47:00,0.37720000,0.37720000,0.37720000,0.37720000,0.00000000,1746830879999,0.00000000,0,0.00000000,0.00000000,0
2025-05-09 22:48:00,0.37720000,0.37720000,0.37720000,0.37720000,0.00000000,1746830939999,0.00000000,0,0.00000000,0.00000000,0
2025-05-09 22:49:00,0.37720000,0.37720000,0.37720000,0.37720000,0.00000000,1746830999999,0.00000000,0,0.00000000,0.00000000,0
2025-05-09 22:50:00,0.37720000,0.37720000,0.37720000,0.37720000,0.00000000,1746831059999,0.00000000,0,0.00000000,0.00000000,0
2025-05-09 22:51:00,0.37720000,0.37720000,0.37720000,0.37720000,0.00000000,1746831119999,0.00000000,0,0.00000000,0.00000000,0
2025-05-09 22:52:00,0.37720000,0.37720000,0.37720000,0.37720000,0.00000000,1746831179999,0.00000000,0,0.00000000,0.00000000,0
2025-05-09 22:53:00,0.37720000,0.37720000,0.37720000,0.37720000,0.00000000,1746831239999,0.00000000,0,0.00000000,0.00000000,0
2025-05-09 22:54:00,0.37720000,0.37720000,0.37720000,0.37720000,0.00000000,1746831299999,0.00000000,0,0.00000000,0.00000000,0
2025-05-09 22:55:00,0.37720000,0.37720000,0.37720000,0.37720000,0.00000000,1746831359999,0.00000000,0,0.00000000,0.00000000,0
2025-05-09 22:56:00,0.37720000,0.37720000,0.37720000,0.37720000,0.00000000,1746831419999,0.00000000,0,0.00000000,0.00000000,0
2025-05-09 22:57:00,0.37720000,0.37720000,0.37720000,0.37720000,0.00000000,1746831479999,0.00000000,0,0.00000000,0.00000000,0
2025-05-09 22:58:00,0.37720000,0.37720000,0.37720000,0.37720000,0.00000000,1746831539999,0.00000000,0,0.00000000,0.00000000,0
2025-05-09 22:59:00,0.37720000,0.37720000,0.37720000,0.37720000,0.00000000,1746831599999,0.00000000,0,0.00000000,0.00000000,0
2025-05-09 23:00:00,0.37720000,0.37720000,0.37720000,0.37720000,0.00000000,1746831659999,0.00000000,0,0.00000000,0.00000000,0
2025-05-09 23:01:00,0.37720000,0.37720000,0.37720000,0.37720000,0.00000000,1746831719999,0.00000000,0,0.00000000,0.00000000,0
2025-05-09 23:02:00,0.37720000,0.37720000,0.37720000,0.37720000,0.00000000,1746831779999,0.00000000,0,0.00000000,0.00000000,0
2025-05-09 23:03:00,0.37720000,0.37720000,0.37720000,0.37720000,0.00000000,1746831839999,0.00000000,0,0.00000000,0.00000000,0
2025-05-09 23:04:00,0.37720000,0.37720000,0.37720000,0.37720000,0.00000000,1746831899999,0.00000000,0,0.00000000,0.00000000,0
2025-05-09 23:05:00,0.37720000,0.37720000,0.37720000,0.37720000,0.00000000,1746831959999,0.00000000,0,0.00000000,0.00000000,0
2025-05-09 23:06:00,0.37720000,0.37720000,0.37720000,0.37720000,0.00000000,1746832019999,0.00000000,0,0.00000000,0.00000000,0
2025-05-09 23:07:00,0.37720000,0.37720000,0.37720000,0.37720000,0.00000000,1746832079999,0.00000000,0,0.00000000,0.00000000,0
2025-05-09 23:08:00,0.37720000,0.37720000,0.37720000,0.37720000,0.00000000,1746832139999,0.00000000,0,0.00000000,0.00000000,0
2025-05-09 23:09:00,0.37720000,0.37720000,0.37720000,0.37720000,0.00000000,1746832199999,0.00000000,0,0.00000000,0.00000000,0
2025-05-09 23:10:00,0.37720000,0.37720000,0.37720000,0.37720000,0.00000000,1746832259999,0.00000000,0,0.00000000,0.00000000,0
2025-05-09 23:11:00,0.37720000,0.37720000,0.37720000,0.37720000,0.00000000,1746832319999,0.00000000,0,0.00000000,0.00000000,0
2025-05-09 23:12:00,0.37720000,0.37720000,0.37720000,0.37720000,0.00000000,1746832379999,0.00000000,0,0.00000000,0.00000000,0
2025-05-09 23:13:00,0.37720000,0.37720000,0.37720000,0.37720000,0.00000000,1746832439999,0.00000000,0,0.00000000,0.00000000,0
2025-05-09 23:14:00,0.37720000,0.37720000,0.37720000,0.37720000,0.00000000,1746832499999,0.00000000,0,0.00000000,0.00000000,0
2025-05-09 23:15:00,0.37720000,0.37720000,0.37720000,0.37720000,0.00000000,1746832559999,0.00000000,0,0.00000000,0.00000000,0
2025-05-09 23:16:00,0.37720000,0.37720000,0.37720000,0.37720000,0.00000000,1746832619999,0.00000000,0,0.00000000,0.00000000,0
2025-05-09 23:17:00,0.37720000,0.37720000,0.37720000,0.37720000,0.00000000,1746832679999,0.00000000,0,0.00000000,0.00000000,0
2025-05-09 23:18:00,0.37720000,0.37720000,0.37720000,0.37720000,0.00000000,1746832739999,0.00000000,0,0.00000000,0.00000000,0
2025-05-09 23:19:00,0.37720000,0.37720000,0.37720000,0.37720000,0.00000000,1746832799999,0.00000000,0,0.00000000,0.00000000,0
2025-05-09 23:20:00,0.37720000,0.37720000,0.37720000,0.37720000,0.00000000,1746832859999,0.00000000,0,0.00000000,0.00000000,0
2025-05-09 23:21:00,0.37720000,0.37720000,0.37720000,0.37720000,0.00000000,1746832919999,0.00000000,0,0.00000000,0.00000000,0
2025-05-09 23:22:00,0.37720000,0.37720000,0.37720000,0.37720000,0.00000000,1746832979999,0.00000000,0,0.00000000,0.00000000,0
2025-05-09 23:23:00,0.37720000,0.37720000,0.37720000,0.37720000,0.00000000,1746833039999,0.00000000,0,0.00000000,0.00000000,0
2025-05-09 23:24:00,0.37720000,0.37720000,0.37720000,0.37720000,0.00000000,1746833099999,0.00000000,0,0.00000000,0.00000000,0
2025-05-09 23:25:00,0.37720000,0.37720000,0.37720000,0.37720000,0.00000000,1746833159999,0.00000000,0,0.00000000,0.00000000,0
2025-05-09 23:26:00,0.37720000,0.37720000,0.37720000,0.37720000,0.00000000,1746833219999,0.00000000,0,0.00000000,0.00000000,0
2025-05-09 23:27:00,0.37720000,0.37720000,0.37720000,0.37720000,0.00000000,1746833279999,0.00000000,0,0.00000000,0.00000000,0
2025-05-09 23:28:00,0.37720000,0.37720000,0.37720000,0.37720000,0.00000000,1746833339999,0.00000000,0,0.00000000,0.00000000,0
2025-05-09 23:29:00,0.37720000,0.37720000,0.37720000,0.37720000,0.00000000,1746833399999,0.00000000,0,0.00000000,0.00000000,0
2025-05-09 23:30:00,0.37720000,0.37720000,0.37720000,0.37720000,0.00000000,1746833459999,0.00000000,0,0.00000000,0.00000000,0
2025-05-09 23:31:00,0.37720000,0.37720000,0.37720000,0.37720000,0.00000000,1746833519999,0.00000000,0,0.00000000,0.00000000,0
2025-05-09 23:32:00,0.37720000,0.37720000,0.37720000,0.37720000,0.00000000,1746833579999,0.00000000,0,0.00000000,0.00000000,0
2025-05-09 23:33:00,0.37720000,0.37720000,0.37720000,0.37720000,0.00000000,1746833639999,0.00000000,0,0.00000000,0.00000000,0
2025-05-09 23:34:00,0.37720000,0.37720000,0.37720000,0.37720000,0.00000000,1746833699999,0.00000000,0,0.00000000,0.00000000,0
2025-05-09 23:35:00,0.37720000,0.37720000,0.37720000,0.37720000,0.00000000,1746833759999,0.00000000,0,0.00000000,0.00000000,0
2025-05-09 23:36:00,0.37720000,0.37720000,0.37720000,0.37720000,0.00000000,1746833819999,0.00000000,0,0.00000000,0.00000000,0
2025-05-09 23:37:00,0.37720000,0.37720000,0.37720000,0.37720000,0.00000000,1746833879999,0.00000000,0,0.00000000,0.00000000,0
2025-05-09 23:38:00,0.37720000,0.37720000,0.37720000,0.37720000,0.00000000,1746833939999,0.00000000,0,0.00000000,0.00000000,0
2025-05-09 23:39:00,0.37720000,0.37720000,0.37720000,0.37720000,0.00000000,1746833999999,0.00000000,0,0.00000000,0.00000000,0
2025-05-09 23:40:00,0.37720000,0.37720000,0.37720000,0.37720000,0.00000000,1746834059999,0.00000000,0,0.00000000,0.00000000,0
2025-05-09 23:41:00,0.37720000,0.37720000,0.37720000,0.37720000,0.00000000,1746834119999,0.00000000,0,0.00000000,0.00000000,0
2025-05-09 23:42:00,0.37720000,0.37720000,0.37720000,0.37720000,0.00000000,1746834179999,0.00000000,0,0.00000000,0.00000000,0
2025-05-09 23:43:00,0.37720000,0.37720000,0.37720000,0.37720000,0.00000000,1746834239999,0.00000000,0,0.00000000,0.00000000,0
2025-05-09 23:44:00,0.37720000,0.37720000,0.37720000,0.37720000,0.00000000,1746834299999,0.00000000,0,0.00000000,0.00000000,0
2025-05-09 23:45:00,0.37720000,0.37720000,0.37720000,0.37720000,0.00000000,1746834359999,0.00000000,0,0.00000000,0.00000000,0
2025-05-09 23:46:00,0.37720000,0.37720000,0.37720000,0.37720000,0.00000000,1746834419999,0.00000000,0,0.00000000,0.00000000,0
2025-05-09 23:47:00,0.37720000,0.37720000,0.37720000,0.37720000,0.00000000,1746834479999,0.00000000,0,0.00000000,0.00000000,0
2025-05-09 23:48:00,0.37720000,0.37720000,0.37720000,0.37720000,0.00000000,1746834539999,0.00000000,0,0.00000000,0.00000000,0
2025-05-09 23:49:00,0.37720000,0.37720000,0.37720000,0.37720000,0.00000000,1746834599999,0.00000000,0,0.00000000,0.00000000,0
2025-05-09 23:50:00,0.37720000,0.37720000,0.37720000,0.37720000,0.00000000,1746834659999,0.00000000,0,0.00000000,0.00000000,0
2025-05-09 23:51:00,0.37720000,0.37720000,0.37720000,0.37720000,0.00000000,1746834719999,0.00000000,0,0.00000000,0.00000000,0
2025-05-09 23:52:00,0.37720000,0.37720000,0.37720000,0.37720000,0.00000000,1746834779999,0.00000000,0,0.00000000,0.00000000,0
2025-05-09 23:53:00,0.37720000,0.37720000,0.37720000,0.37720000,0.00000000,1746834839999,0.00000000,0,0.00000000,0.00000000,0
2025-05-09 23:54:00,0.37720000,0.37720000,0.37720000,0.37720000,0.00000000,1746834899999,0.00000000,0,0.00000000,0.00000000,0
2025-05-09 23:55:00,0.37720000,0.37720000,0.37720000,0.37720000,0.00000000,1746834959999,0.00000000,0,0.00000000,0.00000000,0
2025-05-09 23:56:00,0.37720000,0.37720000,0.37720000,0.37720000,0.00000000,1746835019999,0.00000000,0,0.00000000,0.00000000,0
2025-05-09 23:57:00,0.37720000,0.37720000,0.37720000,0.37720000,0.00000000,1746835079999,0.00000000,0,0.00000000,0.00000000,0
2025-05-09 23:58:00,0.37720000,0.37720000,0.37720000,0.37720000,0.00000000,1746835139999,0.00000000,0,0.00000000,0.00000000,0
2025-05-09 23:59:00,0.37720000,0.37720000,0.37720000,0.37720000,0.00000000,1746835199999,0.00000000,0,0.00000000,0.00000000,0
2025-05-10 00:00:00,0.37720000,0.37720000,0.37720000,0.37720000,0.00000000,1746835259999,0.00000000,0,0.00000000,0.00000000,0
2025-05-10 00:01:00,0.37720000,0.37720000,0.37720000,0.37720000,0.00000000,1746835319999,0.00000000,0,0.00000000,0.00000000,0
2025-05-10 00:02:00,0.37720000,0.37720000,0.37720000,0.37720000,0.00000000,1746835379999,0.00000000,0,0.00000000,0.00000000,0
2025-05-10 00:03:00,0.37720000,0.37720000,0.37720000,0.37720000,0.00000000,1746835439999,0.00000000,0,0.00000000,0.00000000,0
2025-05-10 00:04:00,0.37720000,0.37720000,0.37720000,0.37720000,0.00000000,1746835499999,0.00000000,0,0.00000000,0.00000000,0
2025-05-10 00:05:00,0.37720000,0.37720000,0.37720000,0.37720000,0.00000000,1746835559999,0.00000000,0,0.00000000,0.00000000,0
2025-05-10 00:06:00,0.37720000,0.37720000,0.37720000,0.37720000,0.00000000,1746835619999,0.00000000,0,0.00000000,0.00000000,0
2025-05-10 00:07:00,0.37720000,0.37720000,0.37720000,0.37720000,0.00000000,1746835679999,0.00000000,0,0.00000000,0.00000000,0
2025-05-10 00:08:00,0.37980000,0.37980000,0.37980000,0.37980000,16.80000000,1746835739999,6.38064000,2,16.80000000,6.38064000,0
2025-05-10 00:09:00,0.37980000,0.37980000,0.37980000,0.37980000,0.00000000,1746835799999,0.00000000,0,0.00000000,0.00000000,0
2025-05-10 00:10:00,0.37980000,0.37980000,0.37980000,0.37980000,0.00000000,1746835859999,0.00000000,0,0.00000000,0.00000000,0
2025-05-10 00:11:00,0.37980000,0.37980000,0.37980000,0.37980000,0.00000000,1746835919999,0.00000000,0,0.00000000,0.00000000,0
2025-05-10 00:12:00,0.37980000,0.37980000,0.37980000,0.37980000,0.00000000,1746835979999,0.00000000,0,0.00000000,0.00000000,0
2025-05-10 00:13:00,0.37980000,0.37980000,0.37980000,0.37980000,0.00000000,1746836039999,0.00000000,0,0.00000000,0.00000000,0
2025-05-10 00:14:00,0.37980000,0.37980000,0.37980000,0.37980000,0.00000000,1746836099999,0.00000000,0,0.00000000,0.00000000,0
2025-05-10 00:15:00,0.37980000,0.37980000,0.37980000,0.37980000,0.00000000,1746836159999,0.00000000,0,0.00000000,0.00000000,0
2025-05-10 00:16:00,0.37980000,0.37980000,0.37980000,0.37980000,0.00000000,1746836219999,0.00000000,0,0.00000000,0.00000000,0
2025-05-10 00:17:00,0.37980000,0.37980000,0.37980000,0.37980000,0.00000000,1746836279999,0.00000000,0,0.00000000,0.00000000,0
2025-05-10 00:18:00,0.38260000,0.38270000,0.38260000,0.38270000,1662.60000000,1746836339999,636.11120000,4,1658.20000000,634.42732000,0
2025-05-10 00:19:00,0.38270000,0.38270000,0.38270000,0.38270000,0.00000000,1746836399999,0.00000000,0,0.00000000,0.00000000,0
2025-05-10 00:20:00,0.38270000,0.38270000,0.38270000,0.38270000,0.00000000,1746836459999,0.00000000,0,0.00000000,0.00000000,0
2025-05-10 00:21:00,0.38280000,0.38340000,0.38280000,0.38340000,24.60000000,1746836519999,9.42527000,3,24.60000000,9.42527000,0
2025-05-10 00:22:00,0.38390000,0.38390000,0.38390000,0.38390000,28.70000000,1746836579999,11.01793000,1,28.70000000,11.01793000,0
2025-05-10 00:23:00,0.38390000,0.38390000,0.38390000,0.38390000,0.00000000,1746836639999,0.00000000,0,0.00000000,0.00000000,0
2025-05-10 00:24:00,0.38390000,0.38390000,0.38390000,0.38390000,0.00000000,1746836699999,0.00000000,0,0.00000000,0.00000000,0
2025-05-10 00:25:00,0.38160000,0.38160000,0.38160000,0.38160000,26.50000000,1746836759999,10.11240000,1,0.00000000,0.00000000,0
2025-05-10 00:26:00,0.38160000,0.38160000,0.38160000,0.38160000,0.00000000,1746836819999,0.00000000,0,0.00000000,0.00000000,0
2025-05-10 00:27:00,0.38160000,0.38160000,0.38160000,0.38160000,0.00000000,1746836879999,0.00000000,0,0.00000000,0.00000000,0
2025-05-10 00:28:00,0.38160000,0.38160000,0.38160000,0.38160000,0.00000000,1746836939999,0.00000000,0,0.00000000,0.00000000,0
2025-05-10 00:29:00,0.38160000,0.38160000,0.38160000,0.38160000,0.00000000,1746836999999,0.00000000,0,0.00000000,0.00000000,0
2025-05-10 00:30:00,0.38160000,0.38160000,0.38160000,0.38160000,0.00000000,1746837059999,0.00000000,0,0.00000000,0.00000000,0
2025-05-10 00:31:00,0.38160000,0.38160000,0.38160000,0.38160000,0.00000000,1746837119999,0.00000000,0,0.00000000,0.00000000,0
2025-05-10 00:32:00,0.38160000,0.38160000,0.38160000,0.38160000,0.00000000,1746837179999,0.00000000,0,0.00000000,0.00000000,0
2025-05-10 00:33:00,0.38160000,0.38160000,0.38160000,0.38160000,0.00000000,1746837239999,0.00000000,0,0.00000000,0.00000000,0
2025-05-10 00:34:00,0.38160000,0.38160000,0.38160000,0.38160000,0.00000000,1746837299999,0.00000000,0,0.00000000,0.00000000,0
2025-05-10 00:35:00,0.38160000,0.38160000,0.38160000,0.38160000,0.00000000,1746837359999,0.00000000,0,0.00000000,0.00000000,0
2025-05-10 00:36:00,0.38160000,0.38160000,0.38160000,0.38160000,0.00000000,1746837419999,0.00000000,0,0.00000000,0.00000000,0
2025-05-10 00:37:00,0.38160000,0.38160000,0.38160000,0.38160000,0.00000000,1746837479999,0.00000000,0,0.00000000,0.00000000,0
2025-05-10 00:38:00,0.38160000,0.38160000,0.38160000,0.38160000,0.00000000,1746837539999,0.00000000,0,0.00000000,0.00000000,0
2025-05-10 00:39:00,0.38160000,0.38160000,0.38160000,0.38160000,0.00000000,1746837599999,0.00000000,0,0.00000000,0.00000000,0
2025-05-10 00:40:00,0.38160000,0.38160000,0.38160000,0.38160000,0.00000000,1746837659999,0.00000000,0,0.00000000,0.00000000,0
2025-05-10 00:41:00,0.38160000,0.38160000,0.38160000,0.38160000,0.00000000,1746837719999,0.00000000,0,0.00000000,0.00000000,0
2025-05-10 00:42:00,0.38160000,0.38160000,0.38160000,0.38160000,0.00000000,1746837779999,0.00000000,0,0.00000000,0.00000000,0
2025-05-10 00:43:00,0.38160000,0.38160000,0.38160000,0.38160000,0.00000000,1746837839999,0.00000000,0,0.00000000,0.00000000,0
2025-05-10 00:44:00,0.38160000,0.38160000,0.38160000,0.38160000,0.00000000,1746837899999,0.00000000,0,0.00000000,0.00000000,0
2025-05-10 00:45:00,0.38160000,0.38160000,0.38160000,0.38160000,0.00000000,1746837959999,0.00000000,0,0.00000000,0.00000000,0
2025-05-10 00:46:00,0.37690000,0.37690000,0.37690000,0.37690000,16.70000000,1746838019999,6.29423000,2,0.00000000,0.00000000,0
2025-05-10 00:47:00,0.37690000,0.37690000,0.37690000,0.37690000,0.00000000,1746838079999,0.00000000,0,0.00000000,0.00000000,0
2025-05-10 00:48:00,0.37690000,0.37690000,0.37690000,0.37690000,0.00000000,1746838139999,0.00000000,0,0.00000000,0.00000000,0
2025-05-10 00:49:00,0.37690000,0.37690000,0.37690000,0.37690000,0.00000000,1746838199999,0.00000000,0,0.00000000,0.00000000,0
2025-05-10 00:50:00,0.37690000,0.37690000,0.37690000,0.37690000,0.00000000,1746838259999,0.00000000,0,0.00000000,0.00000000,0
2025-05-10 00:51:00,0.37690000,0.37690000,0.37690000,0.37690000,0.00000000,1746838319999,0.00000000,0,0.00000000,0.00000000,0
2025-05-10 00:52:00,0.37690000,0.37690000,0.37690000,0.37690000,0.00000000,1746838379999,0.00000000,0,0.00000000,0.00000000,0
2025-05-10 00:53:00,0.37690000,0.37690000,0.37690000,0.37690000,0.00000000,1746838439999,0.00000000,0,0.00000000,0.00000000,0
2025-05-10 00:54:00,0.37690000,0.37690000,0.37690000,0.37690000,0.00000000,1746838499999,0.00000000,0,0.00000000,0.00000000,0
2025-05-10 00:55:00,0.37390000,0.37390000,0.37340000,0.37340000,16.80000000,1746838559999,6.27782000,2,0.00000000,0.00000000,0
2025-05-10 00:56:00,0.37340000,0.37340000,0.37340000,0.37340000,0.00000000,1746838619999,0.00000000,0,0.00000000,0.00000000,0
2025-05-10 00:57:00,0.37340000,0.37340000,0.37340000,0.37340000,0.00000000,1746838679999,0.00000000,0,0.00000000,0.00000000,0
2025-05-10 00:58:00,0.37340000,0.37340000,0.37340000,0.37340000,0.00000000,1746838739999,0.00000000,0,0.00000000,0.00000000,0
2025-05-10 00:59:00,0.37340000,0.37340000,0.37340000,0.37340000,0.00000000,1746838799999,0.00000000,0,0.00000000,0.00000000,0
2025-05-10 01:00:00,0.37340000,0.37340000,0.37340000,0.37340000,0.00000000,1746838859999,0.00000000,0,0.00000000,0.00000000,0
2025-05-10 01:01:00,0.37340000,0.37340000,0.37340000,0.37340000,0.00000000,1746838919999,0.00000000,0,0.00000000,0.00000000,0
2025-05-10 01:02:00,0.37340000,0.37340000,0.37340000,0.37340000,0.00000000,1746838979999,0.00000000,0,0.00000000,0.00000000,0
2025-05-10 01:03:00,0.37340000,0.37340000,0.37340000,0.37340000,0.00000000,1746839039999,0.00000000,0,0.00000000,0.00000000,0
2025-05-10 01:04:00,0.37340000,0.37340000,0.37340000,0.37340000,0.00000000,1746839099999,0.00000000,0,0.00000000,0.00000000,0
2025-05-10 01:05:00,0.37340000,0.37340000,0.37340000,0.37340000,0.00000000,1746839159999,0.00000000,0,0.00000000,0.00000000,0
2025-05-10 01:06:00,0.37340000,0.37340000,0.37340000,0.37340000,0.00000000,1746839219999,0.00000000,0,0.00000000,0.00000000,0
2025-05-10 01:07:00,0.37340000,0.37340000,0.37340000,0.37340000,0.00000000,1746839279999,0.00000000,0,0.00000000,0.00000000,0
2025-05-10 01:08:00,0.37340000,0.37340000,0.37340000,0.37340000,0.00000000,1746839339999,0.00000000,0,0.00000000,0.00000000,0
2025-05-10 01:09:00,0.37340000,0.37340000,0.37340000,0.37340000,0.00000000,1746839399999,0.00000000,0,0.00000000,0.00000000,0
2025-05-10 01:10:00,0.37340000,0.37340000,0.37340000,0.37340000,0.00000000,1746839459999,0.00000000,0,0.00000000,0.00000000,0
2025-05-10 01:11:00,0.37340000,0.37340000,0.37340000,0.37340000,0.00000000,1746839519999,0.00000000,0,0.00000000,0.00000000,0
2025-05-10 01:12:00,0.37340000,0.37340000,0.37340000,0.37340000,0.00000000,1746839579999,0.00000000,0,0.00000000,0.00000000,0
2025-05-10 01:13:00,0.37340000,0.37340000,0.37340000,0.37340000,0.00000000,1746839639999,0.00000000,0,0.00000000,0.00000000,0
2025-05-10 01:14:00,0.37340000,0.37340000,0.37340000,0.37340000,0.00000000,1746839699999,0.00000000,0,0.00000000,0.00000000,0
2025-05-10 01:15:00,0.37340000,0.37340000,0.37340000,0.37340000,0.00000000,1746839759999,0.00000000,0,0.00000000,0.00000000,0
2025-05-10 01:16:00,0.37340000,0.37340000,0.37340000,0.37340000,0.00000000,1746839819999,0.00000000,0,0.00000000,0.00000000,0
2025-05-10 01:17:00,0.37340000,0.37340000,0.37340000,0.37340000,0.00000000,1746839879999,0.00000000,0,0.00000000,0.00000000,0
2025-05-10 01:18:00,0.37340000,0.37340000,0.37340000,0.37340000,0.00000000,1746839939999,0.00000000,0,0.00000000,0.00000000,0
2025-05-10 01:19:00,0.37340000,0.37340000,0.37340000,0.37340000,0.00000000,1746839999999,0.00000000,0,0.00000000,0.00000000,0
2025-05-10 01:20:00,0.37340000,0.37340000,0.37340000,0.37340000,0.00000000,1746840059999,0.00000000,0,0.00000000,0.00000000,0
2025-05-10 01:21:00,0.37340000,0.37340000,0.37340000,0.37340000,0.00000000,1746840119999,0.00000000,0,0.00000000,0.00000000,0
2025-05-10 01:22:00,0.37340000,0.37340000,0.37340000,0.37340000,0.00000000,1746840179999,0.00000000,0,0.00000000,0.00000000,0
2025-05-10 01:23:00,0.37340000,0.37340000,0.37340000,0.37340000,0.00000000,1746840239999,0.00000000,0,0.00000000,0.00000000,0
2025-05-10 01:24:00,0.37340000,0.37340000,0.37340000,0.37340000,0.00000000,1746840299999,0.00000000,0,0.00000000,0.00000000,0
2025-05-10 01:25:00,0.37340000,0.37340000,0.37340000,0.37340000,0.00000000,1746840359999,0.00000000,0,0.00000000,0.00000000,0
2025-05-10 01:26:00,0.37340000,0.37340000,0.37340000,0.37340000,0.00000000,1746840419999,0.00000000,0,0.00000000,0.00000000,0
2025-05-10 01:27:00,0.37340000,0.37340000,0.37340000,0.37340000,0.00000000,1746840479999,0.00000000,0,0.00000000,0.00000000,0
2025-05-10 01:28:00,0.37340000,0.37340000,0.37340000,0.37340000,0.00000000,1746840539999,0.00000000,0,0.00000000,0.00000000,0
2025-05-10 01:29:00,0.37340000,0.37340000,0.37340000,0.37340000,0.00000000,1746840599999,0.00000000,0,0.00000000,0.00000000,0
2025-05-10 01:30:00,0.37340000,0.37340000,0.37340000,0.37340000,0.00000000,1746840659999,0.00000000,0,0.00000000,0.00000000,0
2025-05-10 01:31:00,0.37340000,0.37340000,0.37340000,0.37340000,0.00000000,1746840719999,0.00000000,0,0.00000000,0.00000000,0
2025-05-10 01:32:00,0.37340000,0.37340000,0.37340000,0.37340000,0.00000000,1746840779999,0.00000000,0,0.00000000,0.00000000,0
2025-05-10 01:33:00,0.37340000,0.37340000,0.37340000,0.37340000,0.00000000,1746840839999,0.00000000,0,0.00000000,0.00000000,0
2025-05-10 01:34:00,0.37980000,0.37980000,0.37980000,0.37980000,16.70000000,1746840899999,6.34266000,2,16.70000000,6.34266000,0
2025-05-10 01:35:00,0.37980000,0.37980000,0.37980000,0.37980000,0.00000000,1746840959999,0.00000000,0,0.00000000,0.00000000,0
2025-05-10 01:36:00,0.37980000,0.37980000,0.37980000,0.37980000,0.00000000,1746841019999,0.00000000,0,0.00000000,0.00000000,0
2025-05-10 01:37:00,0.37980000,0.37980000,0.37980000,0.37980000,0.00000000,1746841079999,0.00000000,0,0.00000000,0.00000000,0
2025-05-10 01:38:00,0.37980000,0.37980000,0.37980000,0.37980000,0.00000000,1746841139999,0.00000000,0,0.00000000,0.00000000,0
2025-05-10 01:39:00,0.37980000,0.37980000,0.37980000,0.37980000,0.00000000,1746841199999,0.00000000,0,0.00000000,0.00000000,0
2025-05-10 01:40:00,0.37980000,0.37980000,0.37980000,0.37980000,0.00000000,1746841259999,0.00000000,0,0.00000000,0.00000000,0
2025-05-10 01:41:00,0.37980000,0.37980000,0.37980000,0.37980000,0.00000000,1746841319999,0.00000000,0,0.00000000,0.00000000,0
2025-05-10 01:42:00,0.37980000,0.37980000,0.37980000,0.37980000,0.00000000,1746841379999,0.00000000,0,0.00000000,0.00000000,0
2025-05-10 01:43:00,0.37980000,0.37980000,0.37980000,0.37980000,0.00000000,1746841439999,0.00000000,0,0.00000000,0.00000000,0
2025-05-10 01:44:00,0.37980000,0.37980000,0.37980000,0.37980000,0.00000000,1746841499999,0.00000000,0,0.00000000,0.00000000,0
2025-05-10 01:45:00,0.37980000,0.37980000,0.37980000,0.37980000,0.00000000,1746841559999,0.00000000,0,0.00000000,0.00000000,0
2025-05-10 01:46:00,0.37980000,0.37980000,0.37980000,0.37980000,0.00000000,1746841619999,0.00000000,0,0.00000000,0.00000000,0
2025-05-10 01:47:00,0.37980000,0.37980000,0.37980000,0.37980000,0.00000000,1746841679999,0.00000000,0,0.00000000,0.00000000,0
2025-05-10 01:48:00,0.37980000,0.37980000,0.37980000,0.37980000,0.00000000,1746841739999,0.00000000,0,0.00000000,0.00000000,0
2025-05-10 01:49:00,0.37980000,0.37980000,0.37980000,0.37980000,0.00000000,1746841799999,0.00000000,0,0.00000000,0.00000000,0
2025-05-10 01:50:00,0.37980000,0.37980000,0.37980000,0.37980000,0.00000000,1746841859999,0.00000000,0,0.00000000,0.00000000,0
2025-05-10 01:51:00,0.37980000,0.37980000,0.37980000,0.37980000,0.00000000,1746841919999,0.00000000,0,0.00000000,0.00000000,0
2025-05-10 01:52:00,0.37980000,0.37980000,0.37980000,0.37980000,0.00000000,1746841979999,0.00000000,0,0.00000000,0.00000000,0
2025-05-10 01:53:00,0.37980000,0.37980000,0.37980000,0.37980000,0.00000000,1746842039999,0.00000000,0,0.00000000,0.00000000,0
2025-05-10 01:54:00,0.37980000,0.37980000,0.37980000,0.37980000,0.00000000,1746842099999,0.00000000,0,0.00000000,0.00000000,0
2025-05-10 01:55:00,0.37980000,0.37980000,0.37980000,0.37980000,0.00000000,1746842159999,0.00000000,0,0.00000000,0.00000000,0
2025-05-10 01:56:00,0.37980000,0.37980000,0.37980000,0.37980000,0.00000000,1746842219999,0.00000000,0,0.00000000,0.00000000,0
2025-05-10 01:57:00,0.37980000,0.37980000,0.37980000,0.37980000,0.00000000,1746842279999,0.00000000,0,0.00000000,0.00000000,0
2025-05-10 01:58:00,0.37980000,0.37980000,0.37980000,0.37980000,0.00000000,1746842339999,0.00000000,0,0.00000000,0.00000000,0
2025-05-10 01:59:00,0.37980000,0.37980000,0.37980000,0.37980000,0.00000000,1746842399999,0.00000000,0,0.00000000,0.00000000,0
2025-05-10 02:00:00,0.37980000,0.37980000,0.37980000,0.37980000,0.00000000,1746842459999,0.00000000,0,0.00000000,0.00000000,0
2025-05-10 02:01:00,0.37980000,0.37980000,0.37980000,0.37980000,0.00000000,1746842519999,0.00000000,0,0.00000000,0.00000000,0
2025-05-10 02:02:00,0.37980000,0.37980000,0.37980000,0.37980000,0.00000000,1746842579999,0.00000000,0,0.00000000,0.00000000,0
2025-05-10 02:03:00,0.37980000,0.37980000,0.37980000,0.37980000,0.00000000,1746842639999,0.00000000,0,0.00000000,0.00000000,0
2025-05-10 02:04:00,0.37980000,0.37980000,0.37980000,0.37980000,0.00000000,1746842699999,0.00000000,0,0.00000000,0.00000000,0
2025-05-10 02:05:00,0.37980000,0.37980000,0.37980000,0.37980000,0.00000000,1746842759999,0.00000000,0,0.00000000,0.00000000,0
2025-05-10 02:06:00,0.37980000,0.37980000,0.37980000,0.37980000,0.00000000,1746842819999,0.00000000,0,0.00000000,0.00000000,0
2025-05-10 02:07:00,0.37980000,0.37980000,0.37980000,0.37980000,0.00000000,1746842879999,0.00000000,0,0.00000000,0.00000000,0
2025-05-10 02:08:00,0.37980000,0.37980000,0.37980000,0.37980000,0.00000000,1746842939999,0.00000000,0,0.00000000,0.00000000,0
2025-05-10 02:09:00,0.37980000,0.37980000,0.37980000,0.37980000,0.00000000,1746842999999,0.00000000,0,0.00000000,0.00000000,0
2025-05-10 02:10:00,0.37980000,0.37980000,0.37980000,0.37980000,0.00000000,1746843059999,0.00000000,0,0.00000000,0.00000000,0
2025-05-10 02:11:00,0.37980000,0.37980000,0.37980000,0.37980000,0.00000000,1746843119999,0.00000000,0,0.00000000,0.00000000,0
2025-05-10 02:12:00,0.37980000,0.37980000,0.37980000,0.37980000,0.00000000,1746843179999,0.00000000,0,0.00000000,0.00000000,0
2025-05-10 02:13:00,0.37980000,0.37980000,0.37980000,0.37980000,0.00000000,1746843239999,0.00000000,0,0.00000000,0.00000000,0
2025-05-10 02:14:00,0.37980000,0.37980000,0.37980000,0.37980000,0.00000000,1746843299999,0.00000000,0,0.00000000,0.00000000,0
2025-05-10 02:15:00,0.37980000,0.37980000,0.37980000,0.37980000,0.00000000,1746843359999,0.00000000,0,0.00000000,0.00000000,0
2025-05-10 02:16:00,0.37980000,0.37980000,0.37980000,0.37980000,0.00000000,1746843419999,0.00000000,0,0.00000000,0.00000000,0
2025-05-10 02:17:00,0.37980000,0.37980000,0.37980000,0.37980000,0.00000000,1746843479999,0.00000000,0,0.00000000,0.00000000,0
2025-05-10 02:18:00,0.37980000,0.37980000,0.37980000,0.37980000,0.00000000,1746843539999,0.00000000,0,0.00000000,0.00000000,0
2025-05-10 02:19:00,0.37980000,0.37980000,0.37980000,0.37980000,0.00000000,1746843599999,0.00000000,0,0.00000000,0.00000000,0
2025-05-10 02:20:00,0.37980000,0.37980000,0.37980000,0.37980000,0.00000000,1746843659999,0.00000000,0,0.00000000,0.00000000,0
2025-05-10 02:21:00,0.37980000,0.37980000,0.37980000,0.37980000,0.00000000,1746843719999,0.00000000,0,0.00000000,0.00000000,0
2025-05-10 02:22:00,0.37980000,0.37980000,0.37980000,0.37980000,0.00000000,1746843779999,0.00000000,0,0.00000000,0.00000000,0
2025-05-10 02:23:00,0.37980000,0.37980000,0.37980000,0.37980000,0.00000000,1746843839999,0.00000000,0,0.00000000,0.00000000,0
2025-05-10 02:24:00,0.37980000,0.37980000,0.37980000,0.37980000,0.00000000,1746843899999,0.00000000,0,0.00000000,0.00000000,0
2025-05-10 02:25:00,0.37980000,0.37980000,0.37980000,0.37980000,0.00000000,1746843959999,0.00000000,0,0.00000000,0.00000000,0
2025-05-10 02:26:00,0.37980000,0.37980000,0.37980000,0.37980000,0.00000000,1746844019999,0.00000000,0,0.00000000,0.00000000,0
2025-05-10 02:27:00,0.37980000,0.37980000,0.37980000,0.37980000,0.00000000,1746844079999,0.00000000,0,0.00000000,0.00000000,0
2025-05-10 02:28:00,0.37980000,0.37980000,0.37980000,0.37980000,0.00000000,1746844139999,0.00000000,0,0.00000000,0.00000000,0
2025-05-10 02:29:00,0.37980000,0.37980000,0.37980000,0.37980000,0.00000000,1746844199999,0.00000000,0,0.00000000,0.00000000,0
2025-05-10 02:30:00,0.37980000,0.37980000,0.37980000,0.37980000,0.00000000,1746844259999,0.00000000,0,0.00000000,0.00000000,0
2025-05-10 02:31:00,0.37980000,0.37980000,0.37980000,0.37980000,0.00000000,1746844319999,0.00000000,0,0.00000000,0.00000000,0
2025-05-10 02:32:00,0.37980000,0.37980000,0.37980000,0.37980000,0.00000000,1746844379999,0.00000000,0,0.00000000,0.00000000,0
2025-05-10 02:33:00,0.37980000,0.37980000,0.37980000,0.37980000,0.00000000,1746844439999,0.00000000,0,0.00000000,0.00000000,0
2025-05-10 02:34:00,0.37980000,0.37980000,0.37980000,0.37980000,0.00000000,1746844499999,0.00000000,0,0.00000000,0.00000000,0
2025-05-10 02:35:00,0.37980000,0.37980000,0.37980000,0.37980000,0.00000000,1746844559999,0.00000000,0,0.00000000,0.00000000,0
2025-05-10 02:36:00,0.37980000,0.37980000,0.37980000,0.37980000,0.00000000,1746844619999,0.00000000,0,0.00000000,0.00000000,0
2025-05-10 02:37:00,0.37980000,0.37980000,0.37980000,0.37980000,0.00000000,1746844679999,0.00000000,0,0.00000000,0.00000000,0
2025-05-10 02:38:00,0.37980000,0.37980000,0.37980000,0.37980000,0.00000000,1746844739999,0.00000000,0,0.00000000,0.00000000,0
2025-05-10 02:39:00,0.37980000,0.37980000,0.37980000,0.37980000,0.00000000,1746844799999,0.00000000,0,0.00000000,0.00000000,0
2025-05-10 02:40:00,0.37980000,0.37980000,0.37980000,0.37980000,0.00000000,1746844859999,0.00000000,0,0.00000000,0.00000000,0
2025-05-10 02:41:00,0.37980000,0.37980000,0.37980000,0.37980000,0.00000000,1746844919999,0.00000000,0,0.00000000,0.00000000,0
2025-05-10 02:42:00,0.37980000,0.37980000,0.37980000,0.37980000,0.00000000,1746844979999,0.00000000,0,0.00000000,0.00000000,0
2025-05-10 02:43:00,0.37980000,0.37980000,0.37980000,0.37980000,0.00000000,1746845039999,0.00000000,0,0.00000000,0.00000000,0
2025-05-10 02:44:00,0.37980000,0.37980000,0.37980000,0.37980000,0.00000000,1746845099999,0.00000000,0,0.00000000,0.00000000,0
2025-05-10 02:45:00,0.37980000,0.37980000,0.37980000,0.37980000,0.00000000,1746845159999,0.00000000,0,0.00000000,0.00000000,0
2025-05-10 02:46:00,0.37980000,0.37980000,0.37980000,0.37980000,0.00000000,1746845219999,0.00000000,0,0.00000000,0.00000000,0
2025-05-10 02:47:00,0.37980000,0.37980000,0.37980000,0.37980000,0.00000000,1746845279999,0.00000000,0,0.00000000,0.00000000,0
2025-05-10 02:48:00,0.37980000,0.37980000,0.37980000,0.37980000,0.00000000,1746845339999,0.00000000,0,0.00000000,0.00000000,0
2025-05-10 02:49:00,0.37980000,0.37980000,0.37980000,0.37980000,0.00000000,1746845399999,0.00000000,0,0.00000000,0.00000000,0
2025-05-10 02:50:00,0.37980000,0.37980000,0.37980000,0.37980000,0.00000000,1746845459999,0.00000000,0,0.00000000,0.00000000,0
2025-05-10 02:51:00,0.37980000,0.37980000,0.37980000,0.37980000,0.00000000,1746845519999,0.00000000,0,0.00000000,0.00000000,0
2025-05-10 02:52:00,0.37980000,0.37980000,0.37980000,0.37980000,0.00000000,1746845579999,0.00000000,0,0.00000000,0.00000000,0
2025-05-10 02:53:00,0.37980000,0.37980000,0.37980000,0.37980000,0.00000000,1746845639999,0.00000000,0,0.00000000,0.00000000,0
2025-05-10 02:54:00,0.37980000,0.37980000,0.37980000,0.37980000,0.00000000,1746845699999,0.00000000,0,0.00000000,0.00000000,0
2025-05-10 02:55:00,0.37980000,0.37980000,0.37980000,0.37980000,0.00000000,1746845759999,0.00000000,0,0.00000000,0.00000000,0
2025-05-10 02:56:00,0.37980000,0.37980000,0.37980000,0.37980000,0.00000000,1746845819999,0.00000000,0,0.00000000,0.00000000,0
2025-05-10 02:57:00,0.37980000,0.37980000,0.37980000,0.37980000,0.00000000,1746845879999,0.00000000,0,0.00000000,0.00000000,0
2025-05-10 02:58:00,0.37980000,0.37980000,0.37980000,0.37980000,0.00000000,1746845939999,0.00000000,0,0.00000000,0.00000000,0
2025-05-10 02:59:00,0.37980000,0.37980000,0.37980000,0.37980000,0.00000000,1746845999999,0.00000000,0,0.00000000,0.00000000,0
2025-05-10 03:00:00,0.37980000,0.37980000,0.37980000,0.37980000,0.00000000,1746846059999,0.00000000,0,0.00000000,0.00000000,0
2025-05-10 03:01:00,0.37980000,0.37980000,0.37980000,0.37980000,0.00000000,1746846119999,0.00000000,0,0.00000000,0.00000000,0
2025-05-10 03:02:00,0.37980000,0.37980000,0.37980000,0.37980000,0.00000000,1746846179999,0.00000000,0,0.00000000,0.00000000,0
2025-05-10 03:03:00,0.37980000,0.37980000,0.37980000,0.37980000,0.00000000,1746846239999,0.00000000,0,0.00000000,0.00000000,0
2025-05-10 03:04:00,0.37980000,0.37980000,0.37980000,0.37980000,0.00000000,1746846299999,0.00000000,0,0.00000000,0.00000000,0
2025-05-10 03:05:00,0.37980000,0.37980000,0.37980000,0.37980000,0.00000000,1746846359999,0.00000000,0,0.00000000,0.00000000,0
2025-05-10 03:06:00,0.37980000,0.37980000,0.37980000,0.37980000,0.00000000,1746846419999,0.00000000,0,0.00000000,0.00000000,0
2025-05-10 03:07:00,0.37980000,0.37980000,0.37980000,0.37980000,0.00000000,1746846479999,0.00000000,0,0.00000000,0.00000000,0
2025-05-10 03:08:00,0.37980000,0.37980000,0.37980000,0.37980000,0.00000000,1746846539999,0.00000000,0,0.00000000,0.00000000,0
2025-05-10 03:09:00,0.37980000,0.37980000,0.37980000,0.37980000,0.00000000,1746846599999,0.00000000,0,0.00000000,0.00000000,0
2025-05-10 03:10:00,0.37980000,0.37980000,0.37980000,0.37980000,0.00000000,1746846659999,0.00000000,0,0.00000000,0.00000000,0
2025-05-10 03:11:00,0.37980000,0.37980000,0.37980000,0.37980000,0.00000000,1746846719999,0.00000000,0,0.00000000,0.00000000,0
2025-05-10 03:12:00,0.37980000,0.37980000,0.37980000,0.37980000,0.00000000,1746846779999,0.00000000,0,0.00000000,0.00000000,0
2025-05-10 03:13:00,0.37980000,0.37980000,0.37980000,0.37980000,0.00000000,1746846839999,0.00000000,0,0.00000000,0.00000000,0
2025-05-10 03:14:00,0.37980000,0.37980000,0.37980000,0.37980000,0.00000000,1746846899999,0.00000000,0,0.00000000,0.00000000,0
2025-05-10 03:15:00,0.37980000,0.37980000,0.37980000,0.37980000,0.00000000,1746846959999,0.00000000,0,0.00000000,0.00000000,0
2025-05-10 03:16:00,0.37980000,0.37980000,0.37980000,0.37980000,0.00000000,1746847019999,0.00000000,0,0.00000000,0.00000000,0
2025-05-10 03:17:00,0.37980000,0.37980000,0.37980000,0.37980000,0.00000000,1746847079999,0.00000000,0,0.00000000,0.00000000,0
2025-05-10 03:18:00,0.37980000,0.37980000,0.37980000,0.37980000,0.00000000,1746847139999,0.00000000,0,0.00000000,0.00000000,0
2025-05-10 03:19:00,0.37980000,0.37980000,0.37980000,0.37980000,0.00000000,1746847199999,0.00000000,0,0.00000000,0.00000000,0
2025-05-10 03:20:00,0.37980000,0.37980000,0.37980000,0.37980000,0.00000000,1746847259999,0.00000000,0,0.00000000,0.00000000,0
2025-05-10 03:21:00,0.37980000,0.37980000,0.37980000,0.37980000,0.00000000,1746847319999,0.00000000,0,0.00000000,0.00000000,0
2025-05-10 03:22:00,0.37980000,0.37980000,0.37980000,0.37980000,0.00000000,1746847379999,0.00000000,0,0.00000000,0.00000000,0
2025-05-10 03:23:00,0.37980000,0.37980000,0.37980000,0.37980000,0.00000000,1746847439999,0.00000000,0,0.00000000,0.00000000,0
2025-05-10 03:24:00,0.37980000,0.37980000,0.37980000,0.37980000,0.00000000,1746847499999,0.00000000,0,0.00000000,0.00000000,0
2025-05-10 03:25:00,0.37980000,0.37980000,0.37980000,0.37980000,0.00000000,1746847559999,0.00000000,0,0.00000000,0.00000000,0
2025-05-10 03:26:00,0.37980000,0.37980000,0.37980000,0.37980000,0.00000000,1746847619999,0.00000000,0,0.00000000,0.00000000,0
2025-05-10 03:27:00,0.37980000,0.37980000,0.37980000,0.37980000,0.00000000,1746847679999,0.00000000,0,0.00000000,0.00000000,0
2025-05-10 03:28:00,0.37980000,0.37980000,0.37980000,0.37980000,0.00000000,1746847739999,0.00000000,0,0.00000000,0.00000000,0
2025-05-10 03:29:00,0.37980000,0.37980000,0.37980000,0.37980000,0.00000000,1746847799999,0.00000000,0,0.00000000,0.00000000,0
2025-05-10 03:30:00,0.37980000,0.37980000,0.37980000,0.37980000,0.00000000,1746847859999,0.00000000,0,0.00000000,0.00000000,0
2025-05-10 03:31:00,0.37980000,0.37980000,0.37980000,0.37980000,0.00000000,1746847919999,0.00000000,0,0.00000000,0.00000000,0
2025-05-10 03:32:00,0.37980000,0.37980000,0.37980000,0.37980000,0.00000000,1746847979999,0.00000000,0,0.00000000,0.00000000,0
2025-05-10 03:33:00,0.37980000,0.37980000,0.37980000,0.37980000,0.00000000,1746848039999,0.00000000,0,0.00000000,0.00000000,0
2025-05-10 03:34:00,0.38040000,0.38040000,0.38040000,0.38040000,88.80000000,1746848099999,33.77952000,1,0.00000000,0.00000000,0
2025-05-10 03:35:00,0.38040000,0.38040000,0.38040000,0.38040000,0.00000000,1746848159999,0.00000000,0,0.00000000,0.00000000,0
2025-05-10 03:36:00,0.38040000,0.38040000,0.38040000,0.38040000,0.00000000,1746848219999,0.00000000,0,0.00000000,0.00000000,0
2025-05-10 03:37:00,0.38040000,0.38040000,0.38040000,0.38040000,0.00000000,1746848279999,0.00000000,0,0.00000000,0.00000000,0
2025-05-10 03:38:00,0.38040000,0.38040000,0.38040000,0.38040000,0.00000000,1746848339999,0.00000000,0,0.00000000,0.00000000,0
2025-05-10 03:39:00,0.38040000,0.38040000,0.38040000,0.38040000,0.00000000,1746848399999,0.00000000,0,0.00000000,0.00000000,0
2025-05-10 03:40:00,0.38040000,0.38040000,0.38040000,0.38040000,0.00000000,1746848459999,0.00000000,0,0.00000000,0.00000000,0
2025-05-10 03:41:00,0.38040000,0.38040000,0.38040000,0.38040000,0.00000000,1746848519999,0.00000000,0,0.00000000,0.00000000,0
2025-05-10 03:42:00,0.38040000,0.38040000,0.38040000,0.38040000,0.00000000,1746848579999,0.00000000,0,0.00000000,0.00000000,0
2025-05-10 03:43:00,0.38040000,0.38040000,0.38040000,0.38040000,0.00000000,1746848639999,0.00000000,0,0.00000000,0.00000000,0
2025-05-10 03:44:00,0.38040000,0.38040000,0.38040000,0.38040000,0.00000000,1746848699999,0.00000000,0,0.00000000,0.00000000,0
2025-05-10 03:45:00,0.38040000,0.38040000,0.38040000,0.38040000,0.00000000,1746848759999,0.00000000,0,0.00000000,0.00000000,0
2025-05-10 03:46:00,0.38040000,0.38040000,0.38040000,0.38040000,0.00000000,1746848819999,0.00000000,0,0.00000000,0.00000000,0
2025-05-10 03:47:00,0.38040000,0.38040000,0.38040000,0.38040000,0.00000000,1746848879999,0.00000000,0,0.00000000,0.00000000,0
2025-05-10 03:48:00,0.38040000,0.38040000,0.38040000,0.38040000,0.00000000,1746848939999,0.00000000,0,0.00000000,0.00000000,0
2025-05-10 03:49:00,0.38040000,0.38040000,0.38040000,0.38040000,0.00000000,1746848999999,0.00000000,0,0.00000000,0.00000000,0
2025-05-10 03:50:00,0.38040000,0.38040000,0.38040000,0.38040000,0.00000000,1746849059999,0.00000000,0,0.00000000,0.00000000,0
2025-05-10 03:51:00,0.38040000,0.38040000,0.38040000,0.38040000,0.00000000,1746849119999,0.00000000,0,0.00000000,0.00000000,0
2025-05-10 03:52:00,0.38040000,0.38040000,0.38040000,0.38040000,0.00000000,1746849179999,0.00000000,0,0.00000000,0.00000000,0
2025-05-10 03:53:00,0.38040000,0.38040000,0.38040000,0.38040000,0.00000000,1746849239999,0.00000000,0,0.00000000,0.00000000,0
2025-05-10 03:54:00,0.38040000,0.38040000,0.38040000,0.38040000,0.00000000,1746849299999,0.00000000,0,0.00000000,0.00000000,0
2025-05-10 03:55:00,0.38040000,0.38040000,0.38040000,0.38040000,0.00000000,1746849359999,0.00000000,0,0.00000000,0.00000000,0
2025-05-10 03:56:00,0.38040000,0.38040000,0.38040000,0.38040000,0.00000000,1746849419999,0.00000000,0,0.00000000,0.00000000,0
2025-05-10 03:57:00,0.38040000,0.38040000,0.38040000,0.38040000,0.00000000,1746849479999,0.00000000,0,0.00000000,0.00000000,0
2025-05-10 03:58:00,0.38040000,0.38040000,0.38040000,0.38040000,0.00000000,1746849539999,0.00000000,0,0.00000000,0.00000000,0
2025-05-10 03:59:00,0.38040000,0.38040000,0.38040000,0.38040000,0.00000000,1746849599999,0.00000000,0,0.00000000,0.00000000,0
2025-05-10 04:00:00,0.38040000,0.38040000,0.38040000,0.38040000,0.00000000,1746849659999,0.00000000,0,0.00000000,0.00000000,0
2025-05-10 04:01:00,0.38040000,0.38040000,0.38040000,0.38040000,0.00000000,1746849719999,0.00000000,0,0.00000000,0.00000000,0
2025-05-10 04:02:00,0.38040000,0.38040000,0.38040000,0.38040000,0.00000000,1746849779999,0.00000000,0,0.00000000,0.00000000,0
2025-05-10 04:03:00,0.38040000,0.38040000,0.38040000,0.38040000,0.00000000,1746849839999,0.00000000,0,0.00000000,0.00000000,0
2025-05-10 04:04:00,0.38040000,0.38040000,0.38040000,0.38040000,0.00000000,1746849899999,0.00000000,0,0.00000000,0.00000000,0
2025-05-10 04:05:00,0.38040000,0.38040000,0.38040000,0.38040000,0.00000000,1746849959999,0.00000000,0,0.00000000,0.00000000,0
2025-05-10 04:06:00,0.38040000,0.38040000,0.38040000,0.38040000,0.00000000,1746850019999,0.00000000,0,0.00000000,0.00000000,0
2025-05-10 04:07:00,0.38040000,0.38040000,0.38040000,0.38040000,0.00000000,1746850079999,0.00000000,0,0.00000000,0.00000000,0
2025-05-10 04:08:00,0.38040000,0.38040000,0.38040000,0.38040000,0.00000000,1746850139999,0.00000000,0,0.00000000,0.00000000,0
2025-05-10 04:09:00,0.38040000,0.38040000,0.38040000,0.38040000,0.00000000,1746850199999,0.00000000,0,0.00000000,0.00000000,0
2025-05-10 04:10:00,0.38040000,0.38040000,0.38040000,0.38040000,0.00000000,1746850259999,0.00000000,0,0.00000000,0.00000000,0
2025-05-10 04:11:00,0.38040000,0.38040000,0.38040000,0.38040000,0.00000000,1746850319999,0.00000000,0,0.00000000,0.00000000,0
2025-05-10 04:12:00,0.38040000,0.38040000,0.38040000,0.38040000,0.00000000,1746850379999,0.00000000,0,0.00000000,0.00000000,0
2025-05-10 04:13:00,0.38040000,0.38040000,0.38040000,0.38040000,0.00000000,1746850439999,0.00000000,0,0.00000000,0.00000000,0
2025-05-10 04:14:00,0.38040000,0.38040000,0.38040000,0.38040000,0.00000000,1746850499999,0.00000000,0,0.00000000,0.00000000,0
2025-05-10 04:15:00,0.38040000,0.38040000,0.38040000,0.38040000,0.00000000,1746850559999,0.00000000,0,0.00000000,0.00000000,0
2025-05-10 04:16:00,0.38040000,0.38040000,0.38040000,0.38040000,0.00000000,1746850619999,0.00000000,0,0.00000000,0.00000000,0
2025-05-10 04:17:00,0.38040000,0.38040000,0.38040000,0.38040000,0.00000000,1746850679999,0.00000000,0,0.00000000,0.00000000,0
2025-05-10 04:18:00,0.38040000,0.38040000,0.38040000,0.38040000,0.00000000,1746850739999,0.00000000,0,0.00000000,0.00000000,0
2025-05-10 04:19:00,0.38040000,0.38040000,0.38040000,0.38040000,0.00000000,1746850799999,0.00000000,0,0.00000000,0.00000000,0
2025-05-10 04:20:00,0.38040000,0.38040000,0.38040000,0.38040000,0.00000000,1746850859999,0.00000000,0,0.00000000,0.00000000,0
2025-05-10 04:21:00,0.38040000,0.38040000,0.38040000,0.38040000,0.00000000,1746850919999,0.00000000,0,0.00000000,0.00000000,0
2025-05-10 04:22:00,0.38040000,0.38040000,0.38040000,0.38040000,0.00000000,1746850979999,0.00000000,0,0.00000000,0.00000000,0
2025-05-10 04:23:00,0.38040000,0.38040000,0.38040000,0.38040000,0.00000000,1746851039999,0.00000000,0,0.00000000,0.00000000,0
2025-05-10 04:24:00,0.38040000,0.38040000,0.38040000,0.38040000,0.00000000,1746851099999,0.00000000,0,0.00000000,0.00000000,0
2025-05-10 04:25:00,0.38040000,0.38040000,0.38040000,0.38040000,0.00000000,1746851159999,0.00000000,0,0.00000000,0.00000000,0
2025-05-10 04:26:00,0.38040000,0.38040000,0.38040000,0.38040000,0.00000000,1746851219999,0.00000000,0,0.00000000,0.00000000,0
2025-05-10 04:27:00,0.38040000,0.38040000,0.38040000,0.38040000,0.00000000,1746851279999,0.00000000,0,0.00000000,0.00000000,0
2025-05-10 04:28:00,0.38040000,0.38040000,0.38040000,0.38040000,0.00000000,1746851339999,0.00000000,0,0.00000000,0.00000000,0
2025-05-10 04:29:00,0.38040000,0.38040000,0.38040000,0.38040000,0.00000000,1746851399999,0.00000000,0,0.00000000,0.00000000,0
2025-05-10 04:30:00,0.38040000,0.38040000,0.38040000,0.38040000,0.00000000,1746851459999,0.00000000,0,0.00000000,0.00000000,0
2025-05-10 04:31:00,0.38040000,0.38040000,0.38040000,0.38040000,0.00000000,1746851519999,0.00000000,0,0.00000000,0.00000000,0
2025-05-10 04:32:00,0.38040000,0.38040000,0.38040000,0.38040000,0.00000000,1746851579999,0.00000000,0,0.00000000,0.00000000,0
2025-05-10 04:33:00,0.38040000,0.38040000,0.38040000,0.38040000,0.00000000,1746851639999,0.00000000,0,0.00000000,0.00000000,0
2025-05-10 04:34:00,0.38040000,0.38040000,0.38040000,0.38040000,0.00000000,1746851699999,0.00000000,0,0.00000000,0.00000000,0
2025-05-10 04:35:00,0.38040000,0.38040000,0.38040000,0.38040000,0.00000000,1746851759999,0.00000000,0,0.00000000,0.00000000,0
2025-05-10 04:36:00,0.38040000,0.38040000,0.38040000,0.38040000,0.00000000,1746851819999,0.00000000,0,0.00000000,0.00000000,0
2025-05-10 04:37:00,0.38040000,0.38040000,0.38040000,0.38040000,0.00000000,1746851879999,0.00000000,0,0.00000000,0.00000000,0
2025-05-10 04:38:00,0.38040000,0.38040000,0.38040000,0.38040000,0.00000000,1746851939999,0.00000000,0,0.00000000,0.00000000,0
2025-05-10 04:39:00,0.38040000,0.38040000,0.38040000,0.38040000,0.00000000,1746851999999,0.00000000,0,0.00000000,0.00000000,0
2025-05-10 04:40:00,0.38040000,0.38040000,0.38040000,0.38040000,0.00000000,1746852059999,0.00000000,0,0.00000000,0.00000000,0
2025-05-10 04:41:00,0.38040000,0.38040000,0.38040000,0.38040000,0.00000000,1746852119999,0.00000000,0,0.00000000,0.00000000,0
2025-05-10 04:42:00,0.38040000,0.38040000,0.38040000,0.38040000,0.00000000,1746852179999,0.00000000,0,0.00000000,0.00000000,0
2025-05-10 04:43:00,0.38040000,0.38040000,0.38040000,0.38040000,0.00000000,1746852239999,0.00000000,0,0.00000000,0.00000000,0
2025-05-10 04:44:00,0.38040000,0.38040000,0.38040000,0.38040000,0.00000000,1746852299999,0.00000000,0,0.00000000,0.00000000,0
2025-05-10 04:45:00,0.38040000,0.38040000,0.38040000,0.38040000,0.00000000,1746852359999,0.00000000,0,0.00000000,0.00000000,0
2025-05-10 04:46:00,0.38040000,0.38040000,0.38040000,0.38040000,0.00000000,1746852419999,0.00000000,0,0.00000000,0.00000000,0
2025-05-10 04:47:00,0.38040000,0.38040000,0.38040000,0.38040000,0.00000000,1746852479999,0.00000000,0,0.00000000,0.00000000,0
2025-05-10 04:48:00,0.38040000,0.38040000,0.38040000,0.38040000,0.00000000,1746852539999,0.00000000,0,0.00000000,0.00000000,0
2025-05-10 04:49:00,0.38040000,0.38040000,0.38040000,0.38040000,0.00000000,1746852599999,0.00000000,0,0.00000000,0.00000000,0
2025-05-10 04:50:00,0.38040000,0.38040000,0.38040000,0.38040000,0.00000000,1746852659999,0.00000000,0,0.00000000,0.00000000,0
2025-05-10 04:51:00,0.38040000,0.38040000,0.38040000,0.38040000,0.00000000,1746852719999,0.00000000,0,0.00000000,0.00000000,0
2025-05-10 04:52:00,0.38040000,0.38040000,0.38040000,0.38040000,0.00000000,1746852779999,0.00000000,0,0.00000000,0.00000000,0
2025-05-10 04:53:00,0.38040000,0.38040000,0.38040000,0.38040000,0.00000000,1746852839999,0.00000000,0,0.00000000,0.00000000,0
2025-05-10 04:54:00,0.38040000,0.38040000,0.38040000,0.38040000,0.00000000,1746852899999,0.00000000,0,0.00000000,0.00000000,0
2025-05-10 04:55:00,0.38040000,0.38040000,0.38040000,0.38040000,0.00000000,1746852959999,0.00000000,0,0.00000000,0.00000000,0
2025-05-10 04:56:00,0.38040000,0.38040000,0.38040000,0.38040000,0.00000000,1746853019999,0.00000000,0,0.00000000,0.00000000,0
2025-05-10 04:57:00,0.38040000,0.38040000,0.38040000,0.38040000,0.00000000,1746853079999,0.00000000,0,0.00000000,0.00000000,0
2025-05-10 04:58:00,0.38040000,0.38040000,0.38040000,0.38040000,0.00000000,1746853139999,0.00000000,0,0.00000000,0.00000000,0
2025-05-10 04:59:00,0.38040000,0.38040000,0.38040000,0.38040000,0.00000000,1746853199999,0.00000000,0,0.00000000,0.00000000,0
2025-05-10 05:00:00,0.38040000,0.38040000,0.38040000,0.38040000,0.00000000,1746853259999,0.00000000,0,0.00000000,0.00000000,0
